       1        3       22     0.1327     0.0165    -0.1318    23.8113   -12.3126    -7.8798  1  3    18.0092    12.6655
       2        3       22     0.5638    -0.1028     0.1980     1.4047   -12.8320     2.5225  1  3    19.3761    12.4565
       3        3       22    -0.1889    -0.1687    -0.2281    -8.0066    -9.1760    -0.0142  1  3    17.9512    12.0165
       4        3       22     0.3474    -0.1536     0.3383   -14.0844    -4.1807    -3.5517  1  3    19.1597    12.0118
       5        3       22    -0.1570    -0.1577     0.0148     7.0342    -1.0446     0.0912  1  3    18.0846    12.0763
       6        3       22     0.4171    -0.1464     0.8002   -11.2783    -8.5485     1.3675  1  3    19.6420    12.9601
       7        3       22     0.5026     0.0674     0.1221    -3.9738    -0.0312     3.0651  1  3    20.2183    11.9093
       8        3       22     0.3077    -0.0037     0.7020   -14.2317     4.7917     2.4362  1  3    19.7901    11.6308
       9        3       22     0.1006    -0.0188    -0.1785    11.3608    -0.3669    -4.1446  1  3    19.8775    12.4892
      10        3       22    -0.3114    -0.1925     0.5640    -3.2673     2.4005    -3.3520  1  3    19.9368    11.9048
      11        3       22     0.3148    -0.1571     0.0552     0.1968   -13.5469    -3.0718  1  3    17.9123    12.0935
      12        3       22     0.0173    -0.0455     0.2475     4.0497    -9.5757    -1.8278  1  3    18.5217    12.5138
      13        3       22    -0.4748    -0.0623     0.2660    11.0276   -24.3197    -1.4228  1  3    17.6464    12.2250
      14        3       22    -0.0639    -0.0076     0.3494    10.4447    -8.3782    -6.4761  1  3    16.6861    12.5114
      15        3       22     0.2166    -0.1353     0.5352    -9.5835    -3.1386    -0.4994  1  3    17.8773    11.8317
      16        3       22    -0.1550    -0.0035     0.1091     2.4228    -4.0053     3.3476  1  3    18.7064    12.2636
      17        3       22     0.3323    -0.1078    -0.4395     9.8352     1.9647    -3.3941  1  3    19.1595    11.9339
      18        3       22     0.0596    -0.0696     0.1450    -2.2898    15.0847    -1.7057  1  3    20.0230    11.6664
      19        3       22    -0.1159     0.0484     0.3057    10.6255    -9.6762    -1.5803  1  3    19.7040    11.9555
      20        3       22    -0.2368    -0.0720    -0.0711     1.7454    -3.5790     0.0492  1  3    19.8164    11.6046
      21        3       22    -0.0717    -0.1339     0.0734     3.7350    -3.8534    -4.9631  1  3    20.0335    12.0110
      22        3       22     0.0602     0.0793     0.8076   -12.4472    -6.6684    -0.4022  1  3    20.2930    12.2312
      23        3       22     0.1422     0.0280     0.3016    -8.4974    -4.4526     2.2527  1  3    19.8505    12.2174
      24        3       22     0.1687     0.0177    -0.1676     3.1490    -2.6665    -0.6203  1  3    18.9234    11.6002
      25        3       22     0.2427    -0.1621     0.0865    -3.5269    -9.7108    -3.2464  1  3    20.3505    12.5095
      26        3       22     0.2437    -0.1184     0.2079     5.0628   -16.3280     0.0180  1  3    20.4599    12.5289
      27        3       22     0.2117    -0.1145     0.8132    -7.4259    -3.6584    -0.5965  1  3    19.7016    12.6328
      28        3       22     0.0844     0.0213     0.1743   -16.4184    -9.0480    -1.4765  1  3    19.8648    12.1031
      29        3       22     0.3644     0.1381    -0.0901   -13.9454    11.4339     5.5507  1  3    19.3839    11.9110
      30        3       22    -0.5628    -0.0756    -0.0440    -4.0783    -1.9230    -4.2045  1  3    19.2516    12.0265
      31        3       22     0.2240    -0.1758     0.5461    -9.7473     1.7900     0.5906  1  3    19.6195    11.6034
      32        3       22    -0.4717    -0.0257    -0.0004    11.0816    -2.0060    -4.4390  1  3    20.0800    12.0953
      33        3       22    -0.0072    -0.0092     0.1697    -0.3439    -1.7997     0.2305  1  3    19.6338    11.7431
      34        3       22    -0.2866    -0.0497    -0.1267    -6.4273     4.1576    -2.4894  1  3    20.1448    12.0466
      35        3       22     0.1813    -0.1463    -0.2334    -3.2904    13.9463    -1.4431  1  3    19.4599    11.4806
      36        3       22     0.0658     0.0147    -0.1301    12.2589   -17.3156     3.4548  1  3    20.4629    12.4233
      37        3       22    -0.0462    -0.0052    -0.3626     9.7562   -12.0905     0.8712  1  3    19.9845    12.1976
      38        3       22     0.6205    -0.1412     0.2918     6.9194   -14.5933     3.0034  1  3    20.1037    11.6170
      39        3       22     0.4377    -0.2055     0.4257    -0.0172     5.8794     1.6942  1  3    18.3978    11.8245
      40        3       22     0.0819    -0.0697    -0.1551    15.6676    -7.5520    -1.8531  1  3    18.6423    12.5740
      41        3       22     0.3717    -0.1585    -0.0560    -5.4129     3.3867    -1.3052  1  3    17.8403    12.1447
      42        3       22    -0.0072    -0.0603     0.2440    16.3094     8.1857    -3.6374  1  3    18.8076    12.1629
      43        3       22    -0.0857    -0.0735    -0.5086     4.1439    -5.1716    -0.6158  1  3    19.8171    12.1777
      44        3       22     0.0016    -0.1045    -0.1747    11.3933     6.1553    -0.3781  1  3    17.7788    12.1913
      45        3       22     0.2032    -0.0668    -0.0961     1.9941     2.8371    -2.7628  1  3    19.8190    12.0984
      46        3       22    -0.0489     0.0661    -0.2877    15.9255     2.9154     1.0081  1  3    19.7028    12.0408
      47        3       22     0.2751    -0.1977    -0.2041    -7.3362     5.9918    -0.4795  1  3    20.2327    12.1518
      48        3       22     0.0917    -0.0282    -0.0910     9.2041   -16.7954     1.7814  1  3    19.1003    12.0583
      49        3       22     0.1122    -0.0525     0.2141     5.1811    -2.8491    -2.6862  1  3    18.7875    12.4490
      50        3       22     0.2937    -0.0374     0.0795     1.2167     1.8205     3.7030  1  3    18.6271    11.7076
      51        3       22     0.4861    -0.1667     0.4681    -0.3532   -15.4139    -2.0849  1  3    18.3068    11.8034
      52        3       22    -0.4055    -0.1014     0.4871    -8.4178     0.6347    -3.6228  1  3    20.2025    12.1572
      53        3       22     0.3661    -0.0786     0.4990   -12.7174    14.8091     0.5560  1  3    19.8490    11.5368
      54        3       22     0.0451    -0.0677     0.2756     2.5276    -8.3315    -4.4947  1  3    19.4690    12.5458
      55        3       22     0.3429    -0.1477     0.3730     7.7330   -21.6841     0.9453  1  3    17.7564    12.2893
      56        3       22     0.1373    -0.0545     0.3691     0.5851    -4.5892     0.2357  1  3    18.1593    11.9881
      57        3       22     0.4463    -0.1039     0.5133   -13.5651     5.2183    -0.9312  1  3    17.6598    11.9637
      58        3       22    -0.0341    -0.0203     0.7963   -12.0085    -8.8821     1.2322  1  3    19.3477    12.3791
      59        3       22    -0.0948    -0.0483    -0.5020    -3.7712    -5.7067    -2.3777  1  3    19.6156    11.8756
      60        3       22     0.0219    -0.0747     0.1717    -3.8200   -10.6211    -4.6542  1  3    20.4182    12.1815
      61        3       22     0.6479    -0.3385     0.5867     5.1856    -4.1673    -2.1285  1  3    19.5031    12.0617
      62        3       22     0.0789    -0.1227    -0.0330     5.3335    -9.8829    -3.7326  1  3    19.6211    11.8622
      63        3       22     0.1086     0.0429     0.3393    -7.9821   -14.3441    -1.3628  1  3    19.1290    12.5031
      64        3       22     0.1117    -0.0530     0.6411   -12.1081    -9.5962    -7.8530  1  3    18.9724    13.0754
      65        3       22     0.5642    -0.1070     0.2980     3.1801     9.2686    -5.7480  1  3    18.4778    12.5392
      66        3       22     0.2733     0.0580     0.1824    -1.1465   -11.3155     5.3957  1  3    19.7436    12.2389
      67        3       22    -0.2943    -0.0735    -0.2519     7.5269     9.2879    -3.3827  1  3    19.4727    11.8887
      68        3       22     0.2863    -0.1218    -0.4159     2.1423     0.5775    -1.0171  1  3    19.5661    11.6143
      69        3       22     0.0183    -0.0602    -0.1448    11.2283     0.8060    -1.2290  1  3    19.1491    12.0066
      70        3       22     0.1816    -0.0069     0.3925     2.3379    -3.5430     4.6005  1  3    18.7849    11.8378
      71        3       22    -0.2901    -0.0072     0.3793    -1.4864    -4.1837    -1.1951  1  3    19.1129    11.9979
      72        3       22     0.2394     0.0130     0.2555     1.5821   -12.0675     2.9562  1  3    19.6911    12.5979
      73        3       22    -0.2246     0.0473    -0.0785     2.9219     2.0484     0.1363  1  3    18.2870    12.0245
      74        3       22     0.2415     0.0086     0.3137    -5.9226     0.3654    -0.0407  1  3    19.1591    12.0504
      75        3       22    -0.2049    -0.0754    -0.1770    -8.3755    -4.8807     0.1074  1  3    17.2649    11.5860
      76        3       22    -0.0981     0.1563     0.5924    -6.1814    -8.3260     6.0674  1  3    19.4500    12.2718
      77        3       22    -0.0656    -0.0250     0.5747    -5.8422    -4.0414    -2.1650  1  3    19.0581    12.1498
      78        3       22     0.0282     0.0284     0.4493    -3.6689     6.6568     0.7030  1  3    18.2578    11.8119
      79        3       22     0.0626    -0.0920     0.3567    -0.2853    -7.7188    -0.5189  1  3    18.4486    12.1209
      80        3       22     0.1341    -0.0393     0.2090     2.3143     1.3231    -5.8696  1  3    18.8098    12.5315
      81        3       22     0.7715    -0.0965     0.1129     9.6343     2.1324     2.6112  1  3    18.6779    12.3535
      82        3       22     0.2019    -0.0921     0.0095     7.7925     9.0285     0.8343  1  3    18.5000    12.3584
      83        3       22     0.5461    -0.1399     0.4273    -6.9075    -4.8842    -2.3910  1  3    18.4400    11.9759
      84        3       22     0.1420    -0.1620     0.3312    -5.2113    -2.8887     2.7424  1  3    18.9006    12.0393
      85        3       22     0.0810    -0.0664    -0.4362     6.2790    -5.3785    -0.4953  1  3    19.2630    13.0368
      86        3       22     0.4407     0.1518    -0.6768     8.3288    -8.0873     2.3935  1  3    19.3160    12.7545
      87        3       22     0.3632     0.0146    -0.2092    -9.5527    11.6878     0.5867  1  3    17.8290    11.3020
      88        3       22     0.2752    -0.0859     0.1530     7.4340    -7.5975    -1.2269  1  3    18.7431    12.5544
      89        3       22     0.2438    -0.1674    -0.4701    14.2355     3.1310    -5.6963  1  3    18.5669    12.3722
      90        3       22    -0.1263    -0.0246    -0.4428    12.8423     0.7385     1.2005  1  3    18.7896    12.2168
      91        3       22    -0.0027    -0.2116    -0.1951    -6.0025     8.1871    -2.3733  1  3    20.5483    11.8061
      92        3       22     0.4209    -0.0738    -0.0869     8.5250    -1.0668    -1.7351  1  3    19.1613    11.6379
      93        3       22     0.0131    -0.0923    -0.0056    -4.1464     3.6804    -4.6908  1  3    19.6564    12.8694
      94        3       22     0.2271     0.0458     0.0256   -13.3145    -8.4085    -5.8537  1  3    18.7264    12.7892
      95        3       22    -0.2267     0.0968    -0.0340     5.8260   -10.6297    -5.5683  1  3    19.5375    12.0545
      96        3       22     0.0008    -0.1125     0.6124    -2.2991   -15.8861    -5.3538  1  3    18.3022    12.8188
      97        3       22     0.1029    -0.0037    -0.3105    14.9573    -5.7707     1.1402  1  3    19.3758    11.8891
      98        3       22     0.2106    -0.0304     0.1123    17.2643   -12.7443    -3.7708  1  3    20.1797    12.0332
      99        3       22    -0.0188    -0.0440     0.0310     5.5284   -16.1218     0.1111  1  3    19.0877    12.2807
     100        3       22     0.1058    -0.0727    -0.3229    -0.7863    -1.9772    -0.3695  1  3    19.2166    12.7965
     101        3       22     0.0909    -0.1307    -0.0820     2.3406   -13.4166    -4.5637  1  3    18.0857    12.2216
     102        3       22    -0.0498     0.1216    -0.1861     2.3923    -5.8117     3.2375  1  3    19.2095    11.7872
     103        3       22    -0.2147    -0.0926    -0.7800    23.0365   -19.2214     1.8882  1  3    19.9891    12.1287
     104        3       22     0.0394    -0.1016     0.3653    -6.5723    -3.8754    -2.7166  1  3    20.0525    12.3451
     105        3       22    -0.2492    -0.0222     0.4095     7.1414    -0.2426    -0.8184  1  3    18.1347    11.9597
     106        3       22    -0.0518     0.0180    -0.4323     8.6721    12.2859    -3.2757  1  3    18.7243    11.4671
     107        3       22     0.0623    -0.1792     0.4591    -1.7425   -10.7892    -2.6549  1  3    19.4944    12.4632
     108        3       22     0.4603    -0.0774     0.2481    -6.2487    -4.6079     0.1080  1  3    19.5718    12.2165
     109        3       22     0.3658    -0.2700     0.0085    -0.0622    -7.3222    -4.5495  1  3    18.1272    12.5534
     110        3       22    -0.0468     0.0228     0.1183    11.8966    -2.1426     1.2151  1  3    19.2660    12.3297
     111        3       22     0.3406    -0.0119     0.1142     4.0022    -2.9701    -1.3532  1  3    20.0056    11.9488
     112        3       22     0.0900     0.0580    -0.0066    11.5131   -17.9133     1.3913  1  3    19.7959    11.9624
     113        3       22     0.2449     0.0423    -0.1574    -6.3052     1.5313     0.6216  1  3    20.0713    11.8166
     114        3       22     0.4270    -0.0936    -0.3523    17.5585   -15.0305    -1.3122  1  3    18.5831    12.4349
     115        3       22     0.2808    -0.2080     0.1400     7.3820    -6.9656    -3.0960  1  3    19.4715    12.8305
     116        3       22    -0.0758     0.0718    -0.0216    20.2169    -0.5621     1.5004  1  3    20.3702    12.2030
     117        3       22    -0.5003    -0.0025    -0.4448     3.9359     0.8357     1.5380  1  3    19.6271    12.0878
     118        3       22    -0.2658    -0.0443     0.1404   -13.2123     8.1512     0.2614  1  3    20.9328    12.5532
     119        3       22    -0.1242     0.0198    -0.5247    12.5774     3.3647    -3.8946  1  3    19.7019    12.5050
     120        3       22     0.7397    -0.1704     0.4488     1.3263     5.2584    -2.4475  1  3    18.6983    12.0842
     121        3       22     0.1650     0.1335     0.3473   -18.1897    -7.0946     3.9063  1  3    19.0777    12.1767
     122        3       22    -0.3394     0.1192    -0.2447    12.4561    -0.1176    -1.5516  1  3    19.4553    12.2614
     123        3       22     0.7163    -0.0798    -0.1010    21.9563   -17.2700     4.3952  1  3    19.2659    11.4108
     124        3       22     0.5323     0.0698     0.1880    -6.8530    13.6641     1.2436  1  3    19.7266    11.4342
     125        3       22     0.2811    -0.1069     0.7326     4.5383    -5.9538     1.7513  1  3    19.1964    11.9676
     126        3       22     0.3105    -0.1255    -0.2979    14.7230    -5.2048    -4.4413  1  3    19.2926    12.2678
     127        3       22     0.3575    -0.0931     0.1781     9.3092   -22.2811    -1.6397  1  3    18.0423    12.5013
     128        3       22     0.1749    -0.2231     0.1666    -3.8339    -1.8642    -3.7116  1  3    17.8769    12.4716
     129        3       22    -0.6155    -0.0481    -0.0375     7.2982     5.1222     0.9649  1  3    18.7595    12.3068
     130        3       22    -0.1328    -0.1226     0.1913     2.0703   -12.4402    -3.0902  1  3    18.3149    12.0795
     131        3       22     0.2922    -0.0915    -0.2883     0.0530   -10.4332    -3.3368  1  3    19.1612    12.7316
     132        3       22     0.4368    -0.1148    -0.3225     2.8894    22.7373    -0.5155  1  3    17.9179    11.9618
     133        3       22     0.1602    -0.0928    -0.2584     3.8195     1.3471    -3.1707  1  3    19.5262    12.3835
     134        3       22     0.5174    -0.0657    -0.0129     0.5053     6.7116    -1.9403  1  3    18.4420    12.3187
     135        3       22    -0.0304    -0.0850    -0.5183     0.7634     0.0636    -4.1591  1  3    18.7951    11.7935
     136        3       22     0.6680    -0.2463    -0.0793     6.3584     0.7618    -0.7469  1  3    18.9934    11.9374
     137        3       22     0.1678    -0.0049     0.2264     7.3376    -1.6768    -2.8669  1  3    19.4185    12.4893
     138        3       22     0.4008     0.0310     0.2707   -10.3334    11.8665    -1.1455  1  3    19.4035    12.2624
     139        3       22     0.4318    -0.0786     0.6935    -7.0957   -20.0662    -2.7067  1  3    18.9594    12.3377
     140        3       22     0.0166     0.0870     0.0758    14.6120     2.4516     4.0745  1  3    19.4564    11.9685
     141        3       22    -0.0689    -0.0614     0.1878    11.1106   -10.6977    -6.4606  1  3    20.9040    12.4892
     142        3       22     0.3253     0.0177    -0.6113     5.7832   -12.3442    -6.2522  1  3    18.9880    12.5257
     143        3       22     0.1437     0.0844    -0.0802    11.5032     1.3146    -2.4024  1  3    19.2348    12.5629
     144        3       22     0.6561    -0.1408     0.1072     2.4088   -22.0126     4.1684  1  3    19.4412    11.6659
     145        3       22     0.2530    -0.0881     0.0352   -25.1217    -2.9467     1.7590  1  3    19.7692    11.6144
     146        3       22    -0.2668     0.0305    -0.1090    -9.3013    -7.3205     1.5023  1  3    17.6611    12.0748
     147        3       22     0.1482    -0.0364     0.1675   -13.9864    -0.8874     0.2461  1  3    18.7824    11.5761
     148        3       22     0.3362    -0.2492    -0.5287    -5.3673    11.7119    -5.2292  1  3    20.1166    11.9080
     149        3       22     0.4732    -0.1888    -0.3403    12.2157   -19.3835    -1.8753  1  3    20.3224    11.8011
     150        3       22     1.0709    -0.1687     0.1116    -0.8965    -0.8897     2.4877  1  3    18.9975    12.3559
     151        3       22     0.2431    -0.0404     0.1559   -12.2100     9.2770     1.4399  1  3    18.2250    12.4738
     152        3       22    -0.5192     0.0169     0.0936    -7.1370   -19.2516    -2.0044  1  3    18.5206    12.4982
     153        3       22     0.5170    -0.0475     0.5498    -5.8920    -2.0634     2.9254  1  3    17.6827    12.3038
     154        3       22     0.4231    -0.1045     0.0053     0.7662     2.7738     1.6650  1  3    19.2574    12.4263
     155        3       22    -0.2554     0.0963    -0.5000    17.6962     7.6497     0.0868  1  3    20.0977    11.4038
     156        3       22     0.3174     0.0312     0.6783    -9.7797    -7.0712    -0.0510  1  3    19.4349    12.4705
     157        3       22     0.0381     0.3781    -0.4195    34.8368   -19.6425     3.8783  1  3    19.8824    11.9833
     158        3       22     0.5105     0.0290     0.2956    -3.1564     5.3283     3.4139  1  3    19.5329    11.3675
     159        3       22    -0.1159     0.0130    -0.4584    15.6605     1.7909    -4.9957  1  3    20.3187    12.4012
     160        3       22     0.1568    -0.0135    -0.6569    22.5100   -13.1148    -3.2602  1  3    19.1683    12.0169
     161        3       22     0.1800    -0.0894    -0.3241    18.8215    -5.3922     2.1679  1  3    20.7838    12.2221
     162        3       22     0.4715    -0.0221    -0.0222     3.8671    -7.8319     2.0876  1  3    19.4832    11.6848
     163        3       22    -0.0590     0.1129    -0.2432    16.8070   -26.3015    -1.3400  1  3    19.2037    12.8550
     164        3       22    -0.0009    -0.1335     0.1990     2.5009    -0.6305    -2.3750  1  3    19.0673    11.6315
     165        3       22     0.6890    -0.1113    -0.1048    10.6823     5.6247     0.5371  1  3    19.0175    11.5394
     166        3       22    -0.1554     0.0416     0.4351     8.3441     4.4366    -0.8342  1  3    18.7041    12.2819
     167        3       22     0.3681    -0.0811    -0.0603    16.6947   -14.0866    -2.9980  1  3    19.9465    12.4169
     168        3       22     0.5019     0.0419    -0.0755     9.2999   -10.1474     0.5043  1  3    18.4194    11.8614
     169        3       22     0.3916     0.1220     0.5002    -0.8873    -3.2241    -0.4060  1  3    19.4328    12.2491
     170        3       22    -0.1590     0.0208    -0.5181    11.0019    -0.4371    -0.4368  1  3    19.2998    12.4234
     171        3       22     0.5927    -0.0850     0.1025   -14.2242   -14.0808    -1.3085  1  3    18.7875    11.6445
     172        3       22    -0.1271     0.0020     0.4440   -10.1612    -2.1615    -0.1868  1  3    18.6418    12.6179
     173        3       22    -0.5654     0.0364     0.0674    -6.1930    -1.6950     1.4059  1  3    20.3562    11.9532
     174        3       22    -0.2036     0.0852     0.2213    20.2418    -3.8138     3.8759  1  3    20.7469    12.1172
     175        3       22     0.2842     0.0088     0.1077    27.1211    -1.3219     4.0997  1  3    19.8045    11.8682
     176        3       22    -0.5032    -0.1629    -0.8330     0.7903     4.8516    -2.7528  1  3    19.3131    12.4100
     177        3       22     0.1450    -0.1374    -0.4459     5.9579    -5.8677    -8.8843  1  3    19.5557    12.4940
     178        3       22     0.0748    -0.0490    -0.2309    -1.0028    -3.3083    -0.3233  1  3    19.1152    12.5031
     179        3       22     0.0114    -0.0565    -0.1529    -0.1934    -5.1095     1.9662  1  3    18.3935    12.3989
     180        3       22    -0.1680     0.0394    -0.3288    -7.5709    -4.3320     0.7880  1  3    18.2599    12.0384
     181        3       22     0.3249    -0.1198    -0.3672    -2.6235     9.4896    -3.5085  1  3    18.6418    11.8249
     182        3       22     0.2364    -0.1730     0.7599   -15.4061   -19.0244    -5.6274  1  3    19.1077    12.8755
     183        3       22     0.3898     0.1892    -0.3587    28.1651   -14.2801     4.4587  1  3    19.6735    12.2161
     184        3       22     0.4168     0.0346    -0.2091    25.9794    -8.9435     3.4748  1  3    19.0920    11.2746
     185        3       22     0.0098    -0.0577    -0.3944    26.1753    -0.6121    -3.2969  1  3    19.5558    11.8700
     186        3       22     1.0761    -0.1000    -0.8048    24.5128   -12.9835     3.0118  1  3    19.0958    11.4468
     187        3       22     0.2473     0.0838     0.2899   -11.3934     1.7685     3.7645  1  3    18.9235    12.4083
     188        3       22     0.2498    -0.0842    -0.0149     3.7014    -4.8578    -3.4152  1  3    19.4699    12.2278
     189        3       22     0.6939    -0.0954     0.3926    -3.6459    10.3144     4.6207  1  3    20.0407    11.7545
     190        3       22     0.4482    -0.0650    -0.0834    10.6150    -9.0199    -5.6148  1  3    18.5701    11.9385
     191        3       22     0.7753    -0.2698     0.1669     5.8108     3.9942     3.5669  1  3    19.3836    12.2002
     192        3       22     0.2105    -0.1518    -0.1842    12.7942   -10.0493    -7.4708  1  3    19.9996    12.3949
     193        3       22     0.4946    -0.2470     0.1591     4.8897    -2.8116    -2.9695  1  3    18.6783    12.4829
     194        3       22     0.2356     0.1145    -0.1055     2.4499    -8.2277     2.8351  1  3    19.3579    12.7828
     195        3       22     0.1345    -0.1504     0.4740   -10.6411    -7.4509    -1.7441  1  3    18.3740    11.6671
     196        3       22    -0.1185    -0.0340    -0.4474    20.4121    -0.0900     2.7623  1  3    18.5574    12.1948
     197        3       22    -0.1717    -0.0780     0.0063    -6.3628   -19.5582    -2.2657  1  3    19.2164    13.0104
     198        3       22     0.5619    -0.0704     0.3320     5.5601     1.2633    -0.4149  1  3    18.7170    12.5328
     199        3       22     0.0914     0.1159     0.2449    -1.2713    -5.0510     1.8451  1  3    18.7421    12.4176
     200        3       22    -0.0332    -0.1038     0.0414     1.3558    -5.6023    -1.4060  1  3    18.8858    12.3493
     201        3       22    -0.1037    -0.0130    -0.2757     8.6017    -8.8200    -4.7336  1  3    18.7714    12.6430
     202        3       22    -0.2037     0.0192     0.3850    -2.6309   -10.8696    -1.8010  1  3    19.9083    12.6319
     203        3       22     0.4400    -0.0444     0.3192   -16.9673     2.3871    -3.1471  1  3    19.9931    12.5746
     204        3       22    -0.3467    -0.0003    -0.7509    17.0100    -2.5551    -1.0054  1  3    20.6473    12.1807
     205        3       22     0.5403    -0.1498     0.4189    -5.1463    -3.5477    -1.9758  1  3    19.6198    11.7163
     206        3       22     0.3988    -0.0975     0.5182     0.4173     3.2001    -0.5503  1  3    18.3707    12.4139
     207        3       22     0.0399    -0.1820     0.7578    -3.8418   -14.9325    -5.8155  1  3    17.5213    12.8346
     208        3       22    -0.3987    -0.0124     0.1258     3.5769    -0.0438    -0.4503  1  3    17.8406    11.9710
     209        3       22    -0.2300    -0.1080    -0.0839     2.5109     6.3136    -1.5468  1  3    18.3578    12.0895
     210        3       22     0.3447     0.0408    -0.0403    11.6300   -17.2245     2.2287  1  3    19.8149    11.9111
     211        3       22    -0.0994    -0.1233    -0.3472    -2.2477    10.2967    -2.6905  1  3    18.6184    11.7668
     212        3       22     0.4008    -0.0979     0.1090     3.4082     3.1282    -0.2117  1  3    18.8543    11.9168
     213        3       22     0.5785    -0.1220     0.1663     1.4809     1.0818    -1.9435  1  3    20.4314    11.9339
     214        3       22     0.2240    -0.1243    -0.5616    15.8617    -1.5533     0.5712  1  3    19.4615    11.3534
     215        3       22     0.3347     0.1172    -0.1711    19.0554   -14.5336     0.8441  1  3    19.2409    11.6296
     216        3       22    -0.0597     0.1121    -0.3104    -0.0941     3.0802     3.3870  1  3    20.1938    12.0867
     217        3       22    -0.3135    -0.1643     0.4196     7.1962    12.6311    -3.1387  1  3    19.4387    11.6550
     218        3       22     0.6574     0.0014    -0.8182    18.3946    -3.8889     4.4724  1  3    18.9362    11.9984
     219        3       22    -0.3935    -0.0778    -0.7084     1.5502     0.7396    -4.3625  1  3    18.8324    11.7873
     220        3       22    -0.1529    -0.0282    -0.0561     0.7169     3.0649    -2.8845  1  3    19.0921    11.9068
     221        3       22     0.3506     0.0027     0.0781    -0.8141     0.1665     2.2151  1  3    19.5985    11.7002
     222        3       22    -0.0020     0.0608    -0.0792     4.0219     0.7963    -2.3482  1  3    18.1142    12.4006
     223        3       22     0.1527    -0.0577     0.3137     0.7388   -11.3038     2.1673  1  3    18.6534    12.3367
     224        3       22     0.4087    -0.0572    -0.0544     1.5143    -1.6230    -6.6358  1  3    18.5346    12.5954
     225        3       22     0.0347    -0.0745     0.1724     6.8283    -2.8783    -2.6482  1  3    19.0817    12.1881
     226        3       22     0.3605    -0.1122     0.0287    15.2949   -10.3417    -3.6012  1  3    17.7382    12.6569
     227        3       22    -0.0587    -0.0635     0.3928     5.2954   -13.9564    -0.8716  1  3    17.8920    11.9144
     228        3       22    -0.4319    -0.1448     1.1147    -0.9574   -15.7916    -0.8448  1  3    17.5787    12.6602
     229        3       22     0.5096    -0.2735     0.2491     2.1431    -7.1846    -3.0306  1  3    18.1565    12.0103
     230        3       22     0.0151     0.0918    -0.1451     4.3991   -16.7888     1.3140  1  3    18.0935    12.4823
     231        3       22     0.1238    -0.0274     0.3756   -14.7016    -7.5897     0.2555  1  3    18.6766    12.2710
     232        3       22     0.1112     0.0528     0.2184     0.7185   -10.4780    -5.6520  1  3    18.2281    12.8633
     233        3       22     0.2681    -0.2295     0.4742     0.9539    -8.9971    -3.2208  1  3    18.6179    12.7025
     234        3       22    -0.4732    -0.1386     0.3532     0.8468   -16.4001     0.3228  1  3    18.5535    12.2479
     235        3       22    -0.1173    -0.0118     0.7000   -17.2883    -2.6803    -3.9094  1  3    18.9589    12.6192
     236        3       22    -0.1310     0.1803    -0.1245    12.2791    -9.7912     0.4170  1  3    19.8986    11.8692
     237        3       22    -0.2188     0.1307     0.3800    -7.4322    -9.5983     2.1459  1  3    18.8616    11.9823
     238        3       22    -0.1284     0.0016     0.8702   -10.7567    -4.1661    -0.6957  1  3    20.2099    12.3814
     239        3       22    -0.4120     0.0114     0.1164    -4.1468    15.0488     5.2935  1  3    19.4291    11.5931
     240        3       22     0.0644     0.0519     0.1734    -5.5402    10.0074    -2.4194  1  3    19.1317    11.3380
     241        3       22    -0.1127    -0.0461    -0.2818     4.1708   -11.7867   -10.0796  1  3    21.0938    12.6713
     242        3       22    -0.3243    -0.1091     0.6193    -1.3167   -11.1066    -2.5293  1  3    21.2800    12.8242
     243        3       22     0.0570     0.1410     0.1505   -17.9103     5.5297     4.0543  1  3    19.4710    11.6434
     244        3       22     0.1919    -0.2141     0.2647    -6.7774     5.8989    -0.3071  1  3    19.1433    12.1760
     245        3       22    -0.1069     0.0626     0.6172    -8.5362   -15.4167     0.3068  1  3    18.8217    12.3185
     246        3       22     0.1227    -0.1232    -0.0454     1.7203   -10.1394     2.6228  1  3    18.8432    12.0532
     247        3       22     0.5668    -0.0289     0.1887    -7.0443     1.8693     2.0264  1  3    18.7412    12.0178
     248        3       22     0.5744    -0.0355    -0.2976    14.3090   -16.0957     1.2015  1  3    18.7669    11.9963
     249        3       22     0.2160    -0.1160    -0.0139     7.0808    -0.5691    -4.8362  1  3    19.0617    12.0116
     250        3       22     0.5738    -0.2492     0.4316    -7.8525     3.8806    -0.7965  1  3    18.9868    11.9427
     251        3       22     0.5031    -0.1790     0.1670    -9.3499   -24.2470    -3.6398  1  3    19.1684    12.6578
     252        3       22     0.5575    -0.1337     0.0556     8.2773    -7.2514     1.0473  1  3    18.9194    12.5873
     253        3       22    -0.3528    -0.0076     0.2224    20.7017    11.6547    -1.0595  1  3    19.7236    12.5752
     254        3       22    -0.0387    -0.0279    -0.0999     1.2016     5.2201    -4.5050  1  3    18.4695    12.6384
     255        3       22    -0.4043    -0.0399     0.0022    12.2752    -8.1565    -6.6439  1  3    19.9734    12.5294
     256        3       22     0.4187    -0.1420    -0.8884     5.8208     1.1385     2.7497  1  3    20.4950    11.7258
     257        3       22     0.2830     0.0163     0.2975    16.0235   -12.1091     2.2729  1  3    19.9541    11.8831
     258        3       22     0.0578     0.1156     0.1346    -2.1312    -0.7853    -4.9679  1  3    19.4700    12.7357
     259        3       22    -0.3823     0.1321    -0.6319    28.7596   -11.2206     1.9446  1  3    19.7077    12.1742
     260        3       22    -0.3853     0.0674    -0.1954     3.8523     6.1849    -0.8168  1  3    20.2294    11.9823
     261        3       22     0.4754    -0.0176    -0.3172     9.9133   -18.6527    -0.5431  1  3    19.9427    11.8998
     262        3       22    -0.1880    -0.0333     0.1127     8.5517    -8.6943     0.7461  1  3    20.0708    12.0458
     263        3       22     0.1276     0.0611     0.6599    -6.8955    -4.1171    -0.1897  1  3    20.0260    12.0387
     264        3       22     0.0753     0.0735    -0.7629    18.5205    -7.0742     3.1545  1  3    19.1415    11.8230
     265        3       22    -0.1990    -0.0179    -0.3917    15.5736     3.8284    -6.0978  1  3    19.4179    12.1710
     266        3       22    -0.0320    -0.0104     0.2429    -2.8250    -3.8118    -4.3875  1  3    18.7698    12.5017
     267        3       22     0.1813    -0.0657    -0.3451    -5.5021    -4.2717    -3.9982  1  3    19.3237    12.7721
     268        3       22     0.0914    -0.0568    -0.0550     5.1475   -11.3289    -0.5848  1  3    19.0187    12.1824
     269        3       22     0.0042     0.0477     0.1789    -5.8232    -4.0474     0.5630  1  3    20.2884    11.9608
     270        3       22     0.0586    -0.0744     0.1732     3.4500     6.5643     1.9428  1  3    18.1509    11.7386
     271        3       22     0.1776    -0.0968     0.0469    10.0113     0.7397    -0.8301  1  3    18.3628    11.7105
     272        3       22     0.1860    -0.0236     0.3556    -2.5386    -0.8338     4.5735  1  3    18.4322    12.4174
     273        3       22     0.2212    -0.0367    -0.1836    17.7892     0.1881    -1.4294  1  3    17.8666    12.1095
     274        3       22    -0.0298     0.0989     0.1809    13.8763   -14.6026     1.6558  1  3    19.5223    12.5613
     275        3       22     0.4507     0.0126    -0.2878     5.4251   -12.5837     2.3514  1  3    18.7335    12.9363
     276        3       22    -0.2325    -0.0945     0.5444   -13.6236    -0.7724     0.1230  1  3    18.9474    12.0566
     277        3       22     0.0597    -0.0111    -0.2864    15.6310   -15.3992     1.5282  1  3    19.4100    12.2856
     278        3       22     0.6296    -0.0254    -0.8813    19.5980    -5.8147    -1.7144  1  3    19.7996    12.1392
     279        3       22    -0.2860     0.0529     0.2868    -0.2865     9.7766     5.4730  1  3    19.2365    11.7325
     280        3       22     0.4980    -0.0983    -0.2252    21.6530    -5.7059    -0.0299  1  3    20.0711    11.9397
     281        3       22     0.0742     0.0602     0.3583    -7.0769    -5.6446    -0.0854  1  3    21.0127    12.3483
     282        3       22     0.5683    -0.2295     0.0897   -15.4221     6.0217    -2.0582  1  3    19.1569    12.2240
     283        3       22    -0.4493    -0.0408    -0.4368    -1.6684    -5.0223    -1.2621  1  3    18.5560    11.7752
     284        3       22     0.0467     0.0949    -0.3398    21.5838   -12.2357     0.5759  1  3    20.0154    11.8612
     285        3       22     0.2126    -0.1348     0.6689   -21.2496    -2.9416    -1.9346  1  3    20.0506    11.8366
     286        3       22    -0.0006    -0.1024     0.2646    -0.1671    -3.1441    -4.0750  1  3    18.9501    12.8777
     287        3       22     0.0888    -0.0999     0.1613    17.6923    -2.8193    -5.2278  1  3    17.5488    12.2351
     288        3       22     0.4374    -0.0167     0.5239     0.6644     3.7823    -2.7166  1  3    18.6532    12.0534
     289        3       22    -0.3455    -0.0151    -0.0604    13.7651    14.0032    -6.0029  1  3    20.7511    12.5562
     290        3       22    -0.1929    -0.0312     0.5738     6.9855    -7.6647     1.3649  1  3    19.0430    12.2123
     291        3       22     0.3407    -0.0196    -0.0217    -1.5481     8.4735     2.0445  1  3    19.4036    11.5371
     292        3       22     0.3513    -0.0393     0.1112    13.2934    -5.2249     2.6627  1  3    19.0298    11.8253
     293        3       22    -0.0217     0.0654    -0.3916     4.2783    11.8658     1.0362  1  3    19.1168    11.7990
     294        3       22    -0.1205     0.5754    -0.1286    20.5279    -1.4042    13.5380  1  2    19.2196    12.0670
     295        3       22     0.1597    -0.2220     0.1546    -3.5763   -16.3236    -2.2749  1  3    17.7455    12.8458
     296        3       22     0.3054     0.0092     0.2846    -2.5918    -5.7776     1.5012  1  3    18.7262    12.3148
     297        3       22     0.7791    -0.1954     0.1047    -3.9387     2.7976     3.1386  1  3    18.2941    11.9378
     298        3       22     0.2448    -0.0725    -0.1205     2.1503   -11.9966     0.6044  1  3    19.8615    12.8204
     299        3       22     0.3170     0.1259    -0.7119    15.1334    -0.1667     1.2826  1  3    19.2007    12.1172
     300        3       22     0.2877     0.0002     0.8833   -19.8970    -0.4346    -7.6478  1  3    18.8606    12.9634
     301        3       22     0.3792    -0.0588    -0.0215     7.0508    -0.9136    -3.0121  1  3    18.9852    12.1282
     302        3       22    -0.2308    -0.0208    -0.1260     6.6801    12.9324    -3.8864  1  3    20.4307    11.6897
     303        3       22     0.3455    -0.0490     0.3345     4.7825   -10.6483    -3.7895  1  3    19.5223    12.2285
     304        3       22     0.0111    -0.0352    -0.0854     1.1563    -5.8528    -0.7377  1  3    18.3329    12.5354
     305        3       22     0.2027    -0.0511    -0.5174    13.3885   -10.4152     0.6448  1  3    17.7149    12.3035
     306        3       22     0.0735    -0.1067    -0.1145    24.3996    -5.7845    -4.6406  1  3    19.2556    11.8197
     307        3       22     0.4033    -0.0635    -0.1403     9.0442    -2.8449    -2.0208  1  3    18.5956    11.5402
     308        3       22     0.1505    -0.0925     0.3688     7.4211   -17.4231    -8.3444  1  3    19.6993    13.3049
     309        3       22    -0.2057     0.0289    -0.8680    33.0188   -18.4170    -0.3960  1  3    20.4245    12.2400
     310        3       22     0.3695     0.0455    -0.1893    17.8642     5.8375    -0.3130  1  3    19.3566    12.0029
     311        3       22    -0.0003     0.0245    -0.6163     1.9882   -12.7244     1.3954  1  3    19.2135    12.5222
     312        3       22    -0.2025    -0.0781     0.2089     9.2489    -7.5082    -0.1812  1  3    18.6505    12.1064
     313        3       22     0.0219    -0.0718    -0.3111     5.5871    -7.4382    -0.6504  1  3    19.2270    11.4523
     314        3       22     0.2903    -0.1163    -0.4331     0.0607     9.3119    -1.3004  1  3    19.1686    11.2763
     315        3       22     0.5733     0.0188    -0.0111   -17.0322     1.8202     2.7178  1  3    19.4383    11.2310
     316        3       22    -0.0566    -0.2780    -0.6174     4.7821    -5.0987    -2.0525  1  3    19.4271    11.5470
     317        3       22    -0.3417     0.0707    -0.3344     6.2880     5.1745    -2.2454  1  3    20.2246    12.0001
     318        3       22    -0.1516     0.0195    -0.0800     2.3208    -6.3132    -4.1245  1  3    18.8129    12.0713
     319        3       22    -0.3448     0.1332    -0.2917     6.1492    -8.9951    -1.5407  1  3    19.2026    12.0420
     320        3       22    -0.0163     0.0592     0.5538     0.5196    -1.4940     3.0491  1  3    19.1062    12.0833
     321        3       22     0.1997     0.0595    -0.0702    -4.4379     3.4971     1.2084  1  3    18.6278    12.3837
     322        3       22     0.1000    -0.0831     0.5698    -9.7768     1.0002    -3.6985  1  3    18.8846    12.3474
     323        3       22    -0.0265    -0.2245     0.3372    -6.9140   -10.3302    -2.1108  1  3    17.9570    12.3025
     324        3       22     0.4553    -0.1639     0.3510    -5.6997   -10.2492    -5.7893  1  3    18.5365    12.6113
     325        3       22     0.0132     0.0176     0.0507   -18.9290   -12.4266     0.0159  1  3    18.5470    12.0653
     326        3       22     0.1087     0.1396     0.6317    -5.1862    -6.5541     4.7855  1  3    19.2561    12.6398
     327        3       22     0.4223    -0.0195    -0.5963    13.2396     3.2117     4.2400  1  3    18.9727    11.5428
     328        3       22     0.3420    -0.0247     0.3325    -5.0881     0.8089     2.1414  1  3    19.4179    11.9842
     329        3       22    -0.0812    -0.0158    -0.1324     9.2345    -6.5149    -0.9542  1  3    20.4904    12.3684
     330        3       22    -0.1131    -0.0023     0.1986    -3.3190    -6.0666    -3.3400  1  3    20.0744    12.3274
     331        3       22    -0.0032     0.0342    -0.1436    12.4914    -3.6363    -0.1643  1  3    19.5359    12.7760
     332        3       22     0.3260    -0.1554    -0.0420   -11.4413    -2.8025     0.0795  1  3    18.5433    11.6838
     333        3       22    -0.1403    -0.1617    -0.1493     7.2487   -12.5314    -2.4057  1  3    18.5349    12.4178
     334        3       22     0.1225    -0.0598    -0.8741    14.3657    -9.1242    -8.0064  1  3    17.9939    12.7467
     335        3       22    -0.1016     0.0433    -0.4879    29.5384    -2.8024     5.7718  1  3    18.7073    11.3850
     336        3       22    -0.2270    -0.0475    -0.1503    11.8232   -16.7996    -1.4559  1  3    19.3373    12.1361
     337        3       22     0.2624    -0.1492    -0.0223    -6.5902    10.3748     4.7237  1  3    19.5601    11.2868
     338        3       22    -0.2583     0.0122    -0.2101    14.1217     2.1476     1.1025  1  3    20.7089    12.1147
     339        3       22    -0.0278     0.0516    -0.2075    -6.8455     8.1666    -0.9751  1  3    19.7982    11.7779
     340        3       22     0.6290    -0.1133     0.0997    -9.6888     9.6980    -1.2944  1  3    18.6186    11.9912
     341        3       22     0.0517     0.0666     0.0839    17.9824   -13.5404    -1.4844  1  3    18.5473    11.5115
     342        3       22    -0.3054     0.0869     0.2337     4.4565    -4.2743    -3.7567  1  3    19.0569    12.7794
     343        3       22    -0.0304    -0.0828    -0.3065    11.1724     3.8138     0.6468  1  3    18.8434    11.5407
     344        3       22     0.6180    -0.1550    -0.2488     3.2705     5.3760    -1.2226  1  3    19.0079    11.6356
     345        3       22     0.0758    -0.0233    -0.3779     3.0983   -21.3762     3.7939  1  3    19.5023    12.4435
     346        3       22    -0.0170     0.0194     0.0792     5.8355   -15.6764    -0.2986  1  3    18.2460    11.8504
     347        3       22     0.0272     0.0014     0.5775    -3.4082   -22.3395    -1.0090  1  3    19.0509    12.2067
     348        3       22     0.4273    -0.0505     0.3694     1.1440   -17.4183    -5.8223  1  3    17.9117    12.7002
     349        3       22     0.4773    -0.0545     0.2470     2.4400   -15.9852     2.7914  1  3    18.8937    12.5258
     350        3       22    -0.0747    -0.0577    -0.0053    -8.3685    -3.5817    -3.1871  1  3    19.3847    12.5526
     351        3       22    -0.5285     0.0666     0.6009   -12.2457   -12.0406    -7.3003  1  3    19.0526    12.2865
     352        3       22     0.2663     0.1125     0.4312    -7.9233     1.0182    -3.1616  1  3    19.4155    11.7403
     353        3       22     0.2343     0.0608    -0.2750    14.4263   -13.0463    -0.2568  1  3    19.0410    12.2037
     354        3       22    -0.3829    -0.0870     0.1370     6.3628   -19.8050    -4.8855  1  3    17.3383    12.4487
     355        3       22     0.0336    -0.0343     0.6511     5.5602   -15.4946    -0.4203  1  3    19.6627    12.6116
     356        3       22     0.3754    -0.0933     0.1160     8.9773    -2.6412    -3.1370  1  3    19.1684    11.8749
     357        3       22    -0.1441    -0.0259    -0.2887     7.9772   -14.0782    -4.9592  1  3    17.5475    12.8996
     358        3       22    -0.1534    -0.1044     0.0272     3.5008     0.6908    -0.6151  1  3    17.1914    12.0549
     359        3       22     0.2363    -0.0680    -0.4597    16.4013    -0.0704    -4.2906  1  3    17.3926    12.7181
     360        3       22    -0.0626    -0.0424     0.2954     6.4736    -9.0117    -3.6764  1  3    17.3120    12.3560
     361        3       22    -0.1822    -0.0192    -0.0651     2.8282    -7.6897    -4.0704  1  3    17.4852    12.5643
     362        3       22    -0.0166     0.0146     0.1332    14.2349   -10.3147    -4.3992  1  3    18.0395    12.2715
     363        3       22    -0.2476    -0.1082    -0.2565     3.0440   -15.7006     1.3134  1  3    18.8467    12.3205
     364        3       22    -0.0314    -0.1008     0.1470     3.0565    -0.9359    -1.8481  1  3    17.6477    11.4175
     365        3       22     1.0075    -0.2861    -0.0127     3.6410     2.3713    -0.3070  1  3    18.2806    12.2539
     366        3       22    -0.0404     0.0574     0.1794    -5.8745    -8.5956    -4.2204  1  3    18.6487    12.5356
     367        3       22     0.4138    -0.1277     0.1159    12.8627    -5.8185     3.1022  1  3    17.7379    11.7966
     368        3       22    -0.2474     0.0583    -0.3165    -8.8201    13.5299     1.5441  1  3    18.0728    11.8452
     369        3       22    -0.4046    -0.0108     0.0468     1.1518     5.9158    -2.0594  1  3    20.4238    12.1176
     370        3       22     0.0680     0.0251     0.0892   -10.2711    14.0408     0.9769  1  3    19.2990    11.8068
     371        3       22     0.0356     0.1452     0.2725   -16.4443     7.5941    -1.0306  1  3    20.0388    12.1433
     372        3       22     0.3298    -0.1860    -0.2000   -11.1283     0.6563    -2.6619  1  3    18.6876    10.9785
     373        3       22    -0.2115    -0.1334    -0.4855    -2.1579     6.1351    -2.6126  1  3    18.8111    11.7935
     374        3       22     0.6528    -0.1058    -0.0878    -2.1902    -2.8690     1.8919  1  3    19.7542    12.5805
     375        3       22     0.3993    -0.0573     0.1449     3.1957   -26.9921     2.0616  1  3    18.9074    12.6495
     376        3       22     0.0749     0.0751    -0.8497    34.2037    -5.6178     1.8030  1  3    20.6318    11.9839
     377        3       22    -0.1573    -0.0991    -0.0079    -4.4040     2.9821     2.0010  1  3    19.5086    11.5979
     378        3       22    -0.0816    -0.1983    -0.4648     0.9741     9.6592    -1.7057  1  3    19.2311    11.9581
     379        3       22     0.2611    -0.0873    -0.0767     2.3432    -2.5481    -0.1669  1  3    19.6495    12.0907
     380        3       22     0.2113    -0.1292     0.4060    -6.2513     9.6827     1.7684  1  3    19.6241    11.6084
     381        3       22    -0.2283     0.2255    -0.2586     7.1043     5.8937    -0.4022  1  3    20.1174    11.8620
     382        3       22    -0.5940     0.0123     0.6044   -11.5083    -3.6092     2.2392  1  3    19.4562    11.8394
     383        3       22    -0.6042    -0.0240    -0.0392   -12.0398     5.5480    -2.2428  1  3    20.1387    12.0400
     384        3       22     0.0230     0.3557     0.2679   -10.6561     3.7500     9.8338  1  2    19.7752    11.6026
     385        3       22     0.5468    -0.0208    -0.6524    25.4876    -5.2979     1.5780  1  3    19.0283    11.7320
     386        3       22     0.6259    -0.0425     0.2313     9.3384   -13.0507     5.8949  1  3    20.4365    12.3377
     387        3       22     0.1480    -0.1458     0.4074    14.5222   -12.3993     1.4567  1  3    19.6942    12.4468
     388        3       22    -0.0525    -0.0601     0.0875     1.3403    -4.3403    -4.3772  1  3    20.0920    12.2313
     389        3       22     0.1616    -0.0468     0.0703     5.2170     1.3404    -3.5924  1  3    18.8559    12.0977
     390        3       22     0.3997    -0.0039    -0.2096     5.8725     1.7952     5.9394  1  3    18.3255    11.3926
     391        3       22     0.1823     0.0700     0.0039    12.5063    -4.0579     1.8094  1  3    18.8804    11.9119
     392        3       22     0.3279    -0.0892     0.2344   -23.0018    -0.7140    -1.6971  1  3    19.3968    12.4219
     393        3       22     0.0886     0.0416     0.6385   -16.4218    -3.0182     3.4501  1  3    18.8206    11.9793
     394        3       22    -0.3269    -0.0434    -0.1613    -3.4615    -4.5814    -4.3848  1  3    17.7006    12.5993
     395        3       22     0.2992    -0.0689     0.5036     0.2793   -17.7452    -0.3669  1  3    18.6132    12.6507
     396        3       22     0.0606    -0.0500     0.1127   -12.9661   -14.5046    -2.4233  1  3    18.5171    12.5849
     397        3       22     0.1857     0.0150    -0.4818    12.7577   -12.6047    -0.2834  1  3    18.0371    12.3281
     398        3       22    -0.1135    -0.0226     0.3138   -14.4196    -2.6401    -1.7346  1  3    18.2836    12.3563
     399        3       22     0.2987    -0.1701    -0.0738     1.1655   -18.7877     0.5052  1  3    18.0174    12.2131
     400        3       22     0.0638    -0.1489     0.4820   -15.5490     0.3651    -7.5356  1  3    18.4416    12.1109
     401        3       22     0.4602    -0.2106    -0.0724   -13.9827   -19.0907     0.7367  1  3    19.1072    12.3410
     402        3       22     0.3932    -0.0829     0.1530    -2.9049    -5.1812     0.1344  1  3    18.6439    12.4965
     403        3       22     0.5135    -0.1179     0.1966    -9.3738    -6.0095    -2.2722  1  3    18.8795    12.4385
     404        3       22     0.5263    -0.0921    -0.0874     9.1200    -7.1591     0.3533  1  3    18.4588    12.3666
     405        3       22     0.3146    -0.2633     0.0275    -2.5943   -16.0920    -4.7911  1  3    17.7145    12.2736
     406        3       22    -0.1376    -0.0934     0.1013     9.4672     7.1189     0.5310  1  3    19.2377    12.2264
     407        3       22    -0.2682     0.0297     0.3341    18.8707    -6.4615    -0.6539  1  3    18.5493    12.5974
     408        3       22     0.4732    -0.0499    -0.6612     9.5163    -3.8336    -1.2422  1  3    18.6883    12.0625
     409        3       22    -0.1566    -0.0737     0.2685   -23.8709     4.7017    -4.1994  1  3    19.2616    12.6911
     410        3       22     0.1234    -0.0243    -0.1155    -3.8746    -5.1255    -1.2788  1  3    18.4562    12.4618
     411        3       22     0.0207     0.0580     0.4648    -0.5401     2.9300     4.0699  1  3    18.2476    11.7996
     412        3       22     0.0087    -0.1669    -0.4503    -4.5857   -16.4767     2.5758  1  3    18.5934    12.4138
     413        3       22    -0.1784    -0.1490     0.3294    13.6982    -6.4598    -4.8221  1  3    19.5070    12.3142
     414        3       22     0.0850     0.0772    -0.6180    19.9504     3.4088     5.0087  1  3    18.8421    11.5540
     415        3       22     0.6110    -0.0719    -0.2169     1.1263    -8.3734     4.0922  1  3    18.7463    11.5716
     416        3       22    -0.2003    -0.1178    -0.3424     4.3517     4.7956    -0.4398  1  3    18.4177    12.3352
     417        3       22     0.0423     0.0072     0.1855   -12.0192     9.3806     0.7220  1  3    18.5321    12.1265
     418        3       22    -0.1539     0.2697     0.0447    23.1271   -11.1186     6.4157  1  3    19.6440    12.4643
     419        3       22     0.4468    -0.1501     0.0892    14.1358    -7.1296    -2.1179  1  3    19.9422    12.3439
     420        3       22     0.8348    -0.2033     0.3234    -5.4326     5.2096     3.3162  1  3    19.1922    11.7468
     421        3       22    -0.0152    -0.1307     0.4683     5.3805    -1.9046    -3.9321  1  3    20.0088    12.5693
     422        3       22    -0.1876     0.1063     0.0837    10.7161   -10.9419     1.6867  1  3    20.1905    12.1792
     423        3       22     0.4761    -0.0174    -0.3450    10.4150    -3.1735     0.3185  1  3    19.2992    11.7791
     424        3       22     0.4679    -0.0998    -0.3301    14.9954    -0.0222    -2.5464  1  3    18.2992    12.1820
     425        3       22    -0.1486    -0.0034    -0.0001     5.6610     2.9396    -1.5805  1  3    20.3237    11.9082
     426        3       22    -0.0484    -0.0864     0.2825     6.0250    -8.7575    -1.3416  1  3    17.8343    12.2088
     427        3       22     0.3591    -0.0393    -0.1418     0.3386    -9.5354    -0.3502  1  3    18.0904    13.1927
     428        3       22    -0.0105    -0.0495    -0.6890     0.1683     2.6669    -0.9246  1  3    20.0183    12.0428
     429        3       22    -0.4564     0.0540    -0.1739   -16.1240    11.0705    -3.3666  1  3    17.9628    11.5922
     430        3       22    -0.0406    -0.0692    -0.2821     4.2873    -2.4405    -4.7877  1  3    17.9800    11.5206
     431        3       22     0.6713    -0.2427    -0.3000     5.1599    -7.5483    -0.9707  1  3    17.5540    12.0273
     432        3       22     0.4556    -0.1523    -0.3870    -4.8277    -8.0285    -0.3405  1  3    18.3034    11.6860
     433        3       22     0.0368     0.1149    -0.0484    -8.3655   -11.8008     1.0724  1  3    18.0420    12.4431
     434        3       22     0.3750    -0.0033     0.6342    -0.8317    -4.4756     0.0035  1  3    17.8072    11.3744
     435        3       22     0.2332    -0.1751     0.1771     8.0087    -6.6913    -0.0990  1  3    17.8542    11.8091
     436        3       22     0.1350    -0.1073    -0.1103    -4.4442     6.6603    -1.9810  1  3    18.9423    12.0546
     437        3       22     0.1032    -0.0013     0.3917     4.6717   -16.4048    -2.1467  1  3    18.6343    12.6301
     438        3       22     0.5166    -0.1208    -0.2383     1.6997    12.5035     1.1499  1  3    20.0118    11.6646
     439        3       22     0.2072    -0.0784     0.2427    15.6350    13.9506     4.4159  1  3    19.5267    11.8374
     440        3       22     0.1555     0.0556    -0.2072     5.5165     2.7735     3.1418  1  3    20.1559    11.7859
     441        3       22     0.3495    -0.1514     0.4531    -2.7601     8.3810    -3.0218  1  3    20.1966    11.7970
     442        3       22    -0.2772    -0.0236     0.4556    -9.3371    -7.1387    -4.9849  1  3    18.6487    12.2718
     443        3       22    -0.4096    -0.0551     0.1204   -14.2285     6.4029    -1.3643  1  3    19.8710    11.9326
     444        3       22    -0.0084    -0.0557     0.3173    -2.0956    -1.7053    -1.8493  1  3    20.8377    12.5506
     445        3       22     0.6414     0.0577     0.9696   -11.4642   -21.7136     2.2145  1  3    19.6415    12.2940
     446        3       22     0.1722    -0.1216     0.4033    -3.8274     0.5685    -3.8113  1  3    20.2107    12.6937
     447        3       22     0.4674    -0.1033    -0.2336    -0.5946    -2.9149     2.5244  1  3    19.7720    12.1166
     448        3       22     0.3995    -0.0627     0.0615    -0.7497    -3.9683     1.1464  1  3    18.5159    12.2324
     449        3       22     0.3522    -0.1138    -0.0477   -14.3744    -0.8498    -1.0430  1  3    19.4119    12.1875
     450        3       22    -0.1518    -0.0546     0.2041    -1.8457    -0.9183    -3.6336  1  3    20.3060    12.1994
     451        3       22     0.1939    -0.2194     0.8283    -8.3042     8.2808    -1.7629  1  3    19.4300    12.0067
     452        3       22     0.8156    -0.0432     0.4684    -9.0004    -9.5001    -0.9240  1  3    20.1196    12.2183
     453        3       22     0.2693     0.0553     0.1172   -12.5217     3.7146    -3.5525  1  3    19.9050    12.1100
     454        3       22     0.0916     0.2000    -0.3335    -4.4752    -4.3892     4.5107  1  3    18.6564    12.4959
     455        3       22    -0.3031     0.1014     0.0885    -0.4187    -8.8801     1.2964  1  3    18.5445    11.8703
     456        3       22     0.5352    -0.0950     0.3621     4.4454     1.5578     0.0012  1  3    19.0323    11.9860
     457        3       22    -0.2780    -0.0354     0.3613     5.9351   -24.1998     4.1693  1  3    17.4699    12.0432
     458        3       22     0.5909    -0.0627    -0.2207    13.3640    -4.9463    -0.1567  1  3    18.0059    12.2998
     459        3       22    -0.0591     0.1145    -0.2091    28.3716    -8.3388    -5.1516  1  3    18.0135    12.5267
     460        3       22     0.1526    -0.0213     0.0320    13.8253    -5.8587     3.3800  1  3    18.8067    11.4243
     461        3       22     0.2486    -0.0368     0.0557     2.5218   -15.7359     2.9377  1  3    18.4612    12.4384
     462        3       22     0.5843    -0.2098     0.2693    -3.1908    -7.6704     2.4721  1  3    18.6540    12.0310
     463        3       22     0.2007     0.0113     0.3850    -0.4774   -12.1862     3.7172  1  3    17.9552    12.5044
     464        3       22     0.6244    -0.1832     0.4842    -2.3317   -12.0623    -0.5215  1  3    18.6485    12.1713
     465        3       22     0.3082    -0.1443    -0.2835    13.9494   -15.9242     1.1840  1  3    18.0166    12.4681
     466        3       22    -0.0534    -0.0966     0.3826     5.2590    -9.9262    -2.5866  1  3    17.2107    12.0270
     467        3       22     0.2580    -0.0899     0.5936    -4.4194    -1.9617    -0.9348  1  3    18.4949    12.3427
     468        3       22     0.6667    -0.2037    -0.6419     8.1499    -7.2723     3.7053  1  3    17.6875    11.7905
     469        3       22    -0.3343    -0.0141    -0.2539     2.7933    -1.1783     0.5712  1  3    18.1077    12.6510
     470        3       22     0.0657    -0.0925     0.7210    -9.7519    -4.2687    -1.2828  1  3    17.9162    12.2766
     471        3       22    -0.2994    -0.0972     0.1638     5.8045    -8.6939    -7.3439  1  3    18.6517    12.8183
     472        3       22     0.1695     0.1001     0.4415     8.7326   -15.9322    -0.7740  1  3    18.5999    12.8079
     473        3       22     0.4578     0.0415     0.1957     9.1316    -7.2133     3.3206  1  3    18.8850    12.2776
     474        3       22    -0.4768     0.1055     0.2758     4.7637   -15.2194     4.6670  1  3    19.2056    12.4841
     475        3       22     0.3636    -0.3102     0.2779    -7.0851     4.7953    -4.9716  1  3    18.7839    11.8226
     476        3       22     0.3401    -0.1093    -0.4425    16.1690   -19.5869     0.2626  1  3    19.6256    12.6724
     477        3       22     0.0865    -0.3027    -0.5606     5.8072   -24.2431    -3.9859  1  3    19.5498    13.0243
     478        3       22     0.5485    -0.3383     0.6816     0.4555    -7.5704     1.0868  1  3    18.0848    11.8217
     479        3       22     0.2244    -0.0414    -0.5197     1.7807     2.0745    -4.4272  1  3    19.0183    12.4100
     480        3       22     0.1095    -0.0820     0.2884    -1.8131    -9.7943    -4.1208  1  3    17.7853    12.7608
     481        3       22     0.5243    -0.2326    -0.2301     2.6674     0.0564    -4.2176  1  3    17.3069    12.4283
     482        3       22    -0.2027     0.1283    -0.0904    14.5979     7.8115    -0.5686  1  3    18.7613    11.9571
     483        3       22     0.2151     0.0123     0.0865     9.3796    17.5168    -8.0858  1  3    19.8670    12.2880
     484        3       22     0.2995    -0.0703    -0.4291     8.3250    -6.0831    -0.3414  1  3    19.8162    12.0046
     485        3       22     0.3499    -0.0889     0.2044     6.4338     7.5367     0.2646  1  3    18.6931    11.1994
     486        3       22     0.3227    -0.1521     0.1691    24.1095    -6.6676    -0.1775  1  3    18.8959    11.8749
     487        3       22     0.3966    -0.1156     0.2696     5.0582     3.8315     1.1782  1  3    19.1981    11.6574
     488        3       22    -0.0655    -0.0687     0.2172    -4.6625    -0.6672    -0.7659  1  3    19.0984    11.5568
     489        3       22     0.4995    -0.1690    -0.1013     3.4643    -5.1304     2.6052  1  3    18.7697    11.7024
     490        3       22     0.1296    -0.0704     0.2144     3.6393   -11.9776    -4.6302  1  3    17.9390    12.7597
     491        3       22    -0.0886    -0.2161     0.1621    -3.6106    -9.2748    -4.2007  1  3    18.3738    12.8247
     492        3       22     0.0832    -0.1532     0.1275    10.3324   -17.7780     1.4226  1  3    19.1618    11.6441
     493        3       22     0.0099     0.0155     0.6134     3.5644    -6.5065    -1.0371  1  3    18.6376    11.8477
     494        3       22     0.0989    -0.1168     0.5060     8.4638    -2.9578    -1.8572  1  3    19.9487    11.6201
     495        3       22    -0.1292     0.1214     0.0653    -2.2561     2.6921     0.7912  1  3    19.0160    12.5061
     496        3       22    -0.0951    -0.0852     0.6292     7.2325   -16.0268    -3.8984  1  3    18.6028    12.1750
     497        3       22     0.3332    -0.0935     0.5029    -1.3158   -15.6362     0.3716  1  3    19.9448    12.0213
     498        3       22     0.3869    -0.1480    -0.2482     9.7505    -1.3540     2.9005  1  3    18.9682    11.7543
     499        3       22     0.2331    -0.0984    -0.1241     1.5781     0.4998    -2.1405  1  3    18.7296    11.9856
     500        3       22     0.2700     0.0499    -0.0678     6.4217     6.2158     3.6546  1  3    18.7766    12.0883
