       1        7       18     0.0976     0.0383    -0.2680    14.0586   -15.7200   -12.1429  1  2    18.0214    12.7238
       2        7       18    -0.4563     0.0844    -0.0376    -8.7953   -20.0415    -0.9141  1  2    18.8191    12.5553
       3        7       18     0.3529     0.0488    -0.0890    -1.4863   -30.4274     1.3185  1  2    19.2258    12.7081
       4        7       18    -0.2512    -0.1616     0.2684     4.3084   -33.3468   -16.8706  1  2    18.1120    13.6268
       5        7       18    -0.0693    -0.0011    -0.0242     1.1828   -28.1845     7.0483  1  2    19.9692    12.4237
       6        7       18    -0.1979     0.0859     0.0420     0.9072   -16.1818    -2.1006  1  2    19.6554    12.5725
       7        7       18    -0.3116     0.0769    -0.4934     2.9270   -22.3719    -5.8883  1  2    19.4709    13.1131
       8        7       18     0.3022     0.0970     0.2000     5.5856   -18.5610     8.1672  1  2    20.1452    12.4936
       9        7       18     0.0980     0.0497     0.0247    -5.0434     1.9732    -4.9579  1  2    20.3054    12.3828
      10        7       18    -0.0365    -0.0511     0.4277     3.2800   -27.2423   -10.8566  1  2    20.2651    13.0780
      11        7       18    -0.1438     0.1418     1.0342    -6.7502   -10.8089    -5.7208  1  2    21.1520    12.8695
      12        7       18    -0.2047     0.0524    -0.4721     6.7181   -16.5130     8.7643  1  2    19.5322    12.0354
      13        7       18    -0.4786     0.0835    -0.3758   -12.3175   -17.2984     2.7510  1  2    19.4044    12.5448
      14        7       18    -0.2831     0.1045     0.0400    -9.3775   -21.4892   -10.6522  1  2    20.6625    13.1035
      15        7       18    -0.2006     0.1419    -0.3936    18.0427   -20.3546   -10.4094  1  2    19.1946    12.9843
      16        7       18    -0.1602     0.1248     0.3039    -0.4102   -32.8747     0.1204  1  1    20.0821    12.6927
      17        7       18    -0.1993    -0.1556     0.4009     2.3707   -21.5662    -8.9172  1  2    20.0187    12.6833
      18        7       18    -0.3910    -0.1230    -0.0001    -9.4671   -10.0679     0.6411  1  2    19.4771    11.9882
      19        7       18    -0.0486     0.1374    -0.1136    -3.5601   -27.4140    -7.8421  1  2    19.8456    12.8634
      20        7       18    -0.1566    -0.1576     1.0164   -10.5817   -17.6561    -4.7216  1  2    20.4736    12.7490
      21        7       18    -0.1100    -0.0090    -0.0798    -1.8711   -14.8057    -5.8267  1  2    19.4146    12.6859
      22        7       18     0.0141    -0.0120    -0.3391    -1.5468   -14.7645     1.3645  1  2    19.6222    12.5427
      23        7       18    -0.0195     0.0890     0.2302    -5.6055   -14.4851    -4.7013  1  2    19.1477    12.1326
      24        7       18     0.2951     0.0140    -0.0469    -7.6227   -19.2428    -6.9690  1  2    18.9686    12.5987
      25        7       18     0.6783    -0.0205     0.0067     9.9954   -21.0323     2.8045  1  2    20.7982    12.8334
      26        7       18    -0.2021     0.0517    -0.2158    -6.4042   -18.6290     3.6960  1  2    19.5997    12.6548
      27        7       18    -0.2326     0.0168     0.1284    17.3724   -17.7326    -4.6306  1  2    20.2501    13.0629
      28        7       18    -0.2613     0.1034    -0.0878     7.9596   -10.9761     2.9471  1  2    19.8886    12.1895
      29        7       18    -0.1848     0.0513     0.1066    -2.4538   -20.3342    -2.2663  1  2    19.8172    12.4479
      30        7       18    -0.4397     0.0227     0.0030     6.5410   -12.2552    -2.7213  1  2    19.2174    12.3522
      31        7       18     0.0728    -0.0889    -0.1093     3.2240   -13.3867     2.0131  1  2    19.1456    11.5742
      32        7       18    -0.0198    -0.0719    -0.1849    -3.7760    -8.9573    -0.5144  1  2    19.3778    12.5893
      33        7       18     0.0335     0.0119     0.3279   -13.6002    -5.0450     2.6439  1  2    19.5116    11.7058
      34        7       18    -0.3474     0.3394     0.3996   -16.9726   -31.4946    14.7746  1  1    18.9812    12.1308
      35        7       18    -0.2028     0.0203    -0.0890     5.4036   -18.1420   -10.3214  1  2    19.6535    12.6513
      36        7       18     0.1559     0.0216     0.1342     9.6234   -13.0867    -0.8063  1  2    20.5757    12.5784
      37        7       18     0.0054     0.0342    -0.2405     0.9591   -15.2055    12.9595  1  2    19.2742    12.1236
      38        7       18    -0.0113    -0.0246    -0.2362     3.0743   -16.1770    -2.3274  1  2    19.5952    12.8599
      39        7       18    -0.5846     0.0367     0.2678     3.0253    -8.6050    -1.8105  1  2    20.5467    12.2713
      40        7       18    -0.2040     0.0223    -0.2664     0.0109   -16.2398     2.0967  1  2    20.1268    12.5026
      41        7       18    -0.4593     0.1419    -0.0998   -10.3475   -15.8244     3.7655  1  2    19.8492    12.5398
      42        7       18     0.5614    -0.1762     0.1531    -6.1403   -12.2728    -4.8224  1  2    19.7821    12.8327
      43        7       18    -0.2870     0.0725     0.4451    -0.4335   -18.7177     9.7164  1  2    19.2037    12.1126
      44        7       18    -0.2714    -0.1588    -0.7159    -2.7529   -15.8718     0.0441  1  2    19.4124    12.3594
      45        7       18     0.0449     0.0629    -0.0017     6.2191   -21.2660    -5.5067  1  2    19.2719    12.6111
      46        7       18    -0.3819    -0.1062     0.3042     3.3119   -19.7043     9.7220  1  2    19.6305    11.2857
      47        7       18    -0.1774     0.1133     0.1944    -5.1416   -18.6651     1.0031  1  2    19.0756    12.5070
      48        7       18     0.4706     0.0995     0.0532    -4.4929   -26.6740     8.2528  1  1    21.0316    12.8033
      49        7       18    -0.0443    -0.0388     0.4975     3.4922    -8.3194    -6.9040  1  2    21.0173    12.8018
      50        7       18    -0.4419     0.0369    -0.0562     1.0246    -9.3753    -0.7662  1  2    19.3526    12.2779
      51        7       18    -0.2868     0.1540    -0.6220    22.8406   -25.0183     3.1256  1  2    19.6313    12.3807
      52        7       18    -0.0776     0.0028    -0.4612     3.3583   -24.8680     0.5988  1  2    19.8051    12.3336
      53        7       18    -0.2460     0.0440    -0.3397    -2.6868   -14.4826    -4.3283  1  2    21.0716    12.9596
      54        7       18    -0.1081    -0.0456     0.1739    10.3331   -24.6719    -1.8567  1  2    19.5821    12.1259
      55        7       18     0.3092     0.0914    -0.3446     5.3345   -19.1725     8.9239  1  2    19.5731    12.5807
      56        7       18    -0.1503    -0.0925     0.0894     1.2481    -5.9331    -3.9037  1  2    20.9592    12.5493
      57        7       18     0.2498    -0.0828     0.1830     4.4220   -26.2838    -0.4984  1  2    20.8332    12.9272
      58        7       18    -0.0380     0.0486    -0.3009    -5.4166    -6.6142     2.7140  1  2    20.5026    12.5244
      59        7       18    -0.2176    -0.0299     0.3656    -0.3133    -7.0680     5.1330  1  2    21.0136    12.7286
      60        7       18    -0.1423    -0.0148     0.1331    -0.5810   -14.9683     4.0473  1  2    20.3997    12.5612
      61        7       18    -0.2084    -0.1084    -0.3652    -9.7986   -15.9225     5.1760  1  2    18.7980    12.4170
      62        7       18    -0.0701     0.1170    -0.2821   -14.4169   -21.9169    12.3720  1  2    20.2796    12.2407
      63        7       18    -0.3437     0.0033     0.3336   -10.3060   -23.7106    -2.8913  1  2    19.9639    13.1627
      64        7       18     0.0442    -0.0545     0.5650    -0.6408    -8.7517     1.5179  1  2    20.5294    12.7098
      65        7       18     0.2416    -0.1329     0.2683   -13.9761   -27.3660     0.9725  1  2    19.1715    12.2059
      66        7       18    -0.0866     0.0978     0.1013   -22.7696   -11.1913    -4.1148  1  2    18.8725    12.7007
      67        7       18     0.0046    -0.0522    -0.5280    10.9923   -15.0305    -4.6043  1  2    21.1831    12.6854
      68        7       18     0.0773     0.4898    -0.2361     0.5879   -31.8359    -3.0839  1  1    20.4882    13.2330
      69        7       18     0.4005    -0.0315    -0.0054    -6.7861   -19.1886     4.7439  1  2    20.7324    12.3282
      70        7       18    -0.1694     0.3529     0.4463     2.3189   -14.8389    14.7112  1  1    19.7271    12.1947
      71        7       18     0.0542     0.0849     0.8043    -9.1189   -11.3680    10.8151  1  2    19.9524    12.4245
      72        7       18    -0.3152    -0.0143     0.2734     5.0619   -21.7046    -4.4510  1  2    21.3284    13.2507
      73        7       18    -0.3045    -0.1244    -0.9482     7.9365   -26.8953     5.3930  1  2    19.8405    12.1244
      74        7       18    -0.3121     0.1539    -0.5234    -4.0364   -25.9094     1.5387  1  2    19.7600    12.6302
      75        7       18    -0.1083     0.0345     0.4600     1.5833    -1.9866    -7.3888  1  2    19.4712    12.4513
      76        7       18    -0.3068    -0.1211     0.8600   -10.0218   -26.1254     1.5496  1  2    19.7337    12.4525
      77        7       18    -0.2872     0.0472     0.2894    -9.7050   -15.5652     4.1640  1  2    20.6136    12.7367
      78        7       18    -0.1173     0.2130     0.6359     6.8496   -20.9849     7.4242  1  2    20.0835    12.3429
      79        7       18     0.1872     0.0118    -0.1202     0.7873   -18.2344     1.1665  1  2    20.4726    12.2782
      80        7       18    -0.4087     0.0148    -0.1153     9.7659   -25.9499     1.3918  1  2    19.4565    12.3116
      81        7       18    -0.3950    -0.0981    -0.5427     6.0198    -7.4509     2.7054  1  2    19.9737    12.1714
      82        7       18    -0.1245     0.0770     0.0878     5.7944   -27.4247    -0.6099  1  2    18.6282    11.7731
      83        7       18    -0.0657    -0.2164    -0.1500    -5.7929   -26.5367     1.8493  1  2    19.7285    12.6028
      84        7       18    -0.3146     0.0990    -0.2379    10.6319   -18.7670    -1.1712  1  2    19.3055    12.6020
      85        7       18     0.0721    -0.1870     0.2437     7.2611   -11.4297    -1.8734  1  2    20.7973    12.6118
      86        7       18    -0.1710    -0.0991    -0.0746     6.6453    -9.7415    -0.1807  1  2    20.4152    12.3484
      87        7       18     0.2675    -0.0909     0.4133     4.0798   -25.6979     1.6159  1  2    20.0314    12.5082
      88        7       18     0.0328     0.0604    -0.0352    -8.1432   -14.2605    -2.7023  1  2    19.3608    12.3679
      89        7       18     0.1270     0.2450     0.1303    -0.3394   -16.5810     0.0454  1  2    20.1135    13.3305
      90        7       18    -0.5310    -0.0534     0.2101    -7.2329   -13.0343    -1.2160  1  2    18.5772    12.2825
      91        7       18     0.0545    -0.0121    -0.4598    -9.9698   -20.3353     0.2575  1  2    18.9698    12.2210
      92        7       18    -0.0054     0.1126    -0.6498    21.6561   -25.2787    -7.3822  1  2    20.1819    12.8871
      93        7       18    -0.2689     0.2951    -0.1374    -2.3336   -20.6839    -6.7068  1  2    21.4460    13.3412
      94        7       18    -0.3927    -0.0468    -0.5760    12.3542   -26.4130     6.0532  1  2    19.3377    12.2108
      95        7       18     0.2095     0.3092     0.3565     1.1252   -21.5498     4.6568  1  1    20.2113    12.5784
      96        7       18    -0.0365    -0.0500     0.0489   -18.7881   -28.3740     4.2606  1  2    18.8441    11.6627
      97        7       18    -0.4058     0.0004    -0.7824     1.4445   -17.8086     3.1914  1  2    20.3076    12.5099
      98        7       18    -0.5265     0.2689    -0.3524     2.1467   -29.5997    -7.0384  1  2    20.1134    13.0280
      99        7       18    -0.0761    -0.0192     0.0090     3.3403   -23.4704     2.2451  1  2    20.7193    12.5723
     100        7       18    -0.3593     0.1777    -0.4632    11.2608   -25.7028     0.1464  1  2    19.6091    12.9233
     101        7       18    -0.1712     0.0991     0.8493    -9.7790   -20.4637    -5.9782  1  2    18.6536    13.0174
     102        7       18    -0.2808    -0.0089     0.0989    -0.9514   -22.7305     1.3691  1  2    19.2550    12.3604
     103        7       18    -0.1865     0.0617     0.6747   -14.1958   -23.3668    -4.9040  1  2    19.9452    11.5446
     104        7       18    -0.1603    -0.0157     0.6343    -9.3883   -11.6353     6.8636  1  2    20.0630    11.9557
     105        7       18     0.2848    -0.1838     0.2939     9.1022    -3.9000    -5.7108  1  2    20.3134    12.3262
     106        7       18    -0.0207    -0.1048     0.3187    -6.4228   -11.8595    -2.6656  1  2    20.8458    12.4289
     107        7       18    -0.0932    -0.0655    -0.0236     7.9591   -20.7653    -4.6770  1  2    20.4548    12.7949
     108        7       18    -0.3245    -0.0435     0.2373    -1.2485   -14.0155     1.8526  1  2    20.3963    12.6498
     109        7       18    -0.4230    -0.0417     0.0533     9.9521   -14.8988    -1.8966  1  2    19.3892    12.0496
     110        7       18    -0.4833     0.1305     0.2738    -4.3947   -11.2167     3.6444  1  2    20.0228    11.9109
     111        7       18     0.1897    -0.1383     0.3396     7.2189   -18.6477    -1.4743  1  2    18.6413    12.1764
     112        7       18     0.0777    -0.0461     0.2118    -0.3839   -11.9335     2.9780  1  2    19.9334    12.0499
     113        7       18    -0.0229     0.0402    -0.0608    -6.6864    -6.3034    -0.0626  1  2    20.4270    12.5999
     114        7       18    -0.1880    -0.0299     0.4429     2.6087    -9.1290    -0.7941  1  2    21.3392    12.7181
     115        7       18    -0.2094    -0.1854    -0.5762    10.4631   -34.7152   -10.1208  1  2    19.6578    12.7379
     116        7       18    -0.1714     0.1392     0.0060    -7.0831   -14.6558    -1.9915  1  2    20.9091    12.8146
     117        7       18    -0.0283     0.0647     0.2125   -16.4827   -20.7353     0.0103  1  2    20.5688    12.3511
     118        7       18    -0.4366     0.1405     0.0385     7.3034   -24.9206     4.2840  1  2    20.1660    12.6070
     119        7       18    -0.6966    -0.0331     0.5067   -14.9736    -9.6620    -1.9232  1  2    19.2539    12.2669
     120        7       18    -0.0128     0.0182     0.0934    -8.0942   -21.8049    -0.1312  1  2    19.7442    12.6060
     121        7       18    -0.3528    -0.0190    -0.3362     0.5524   -16.2850     5.0878  1  2    19.9549    12.5211
     122        7       18     0.0753    -0.0250     0.0684    -5.9929   -24.9085     4.8129  1  2    18.5231    11.9626
     123        7       18     0.1485     0.1000     0.0396    -3.6251   -10.5886     3.8628  1  2    18.8182    11.6517
     124        7       18     0.1026     0.2273     0.4787     5.5351   -28.5272     0.0560  1  2    18.8239    12.7606
     125        7       18    -0.3222    -0.1708     0.7978   -10.5609   -15.2979    -7.0824  1  2    19.4595    12.1528
     126        7       18    -0.4351     0.4515     0.6321   -10.1577   -30.4861    -5.6354  1  1    20.0872    13.1176
     127        7       18    -0.5663     0.1735     0.4158    11.3440   -10.2799   -14.7011  1  2    20.7716    13.4681
     128        7       18    -0.1302     0.0098     0.2069    13.6904    -5.9007    -2.5812  1  2    20.0799    12.4362
     129        7       18    -0.2105     0.0325     0.1183   -10.0122   -25.9092    -0.0893  1  2    19.3384    12.1378
     130        7       18    -0.3696     0.1547     0.1782     4.7673   -13.2663    -6.3627  1  2    20.7316    13.0347
     131        7       18    -0.4536     0.2508    -0.4336   -15.2001   -26.8484    -3.1227  1  2    19.5465    12.4918
     132        7       18     0.3286     0.1020    -0.0709     2.1831   -17.8778    -0.4230  1  2    20.7321    12.7325
     133        7       18     0.2514    -0.1410     0.3443   -12.7269   -19.6373    -6.6806  1  2    20.1989    12.4575
     134        7       18    -1.0103     0.4452    -0.5841     6.4680   -19.7072   -11.6087  1  2    19.0621    13.3361
     135        7       18    -0.1066     0.0376     0.1290     8.5311   -16.8056    -1.7813  1  2    20.4606    12.3804
     136        7       18    -0.0138     0.1652     0.0857    -2.6670   -25.6101     4.0486  1  2    19.7184    12.2607
     137        7       18    -0.3064     0.0357     0.7581   -19.6628   -10.7537     3.0685  1  2    19.1743    12.2270
     138        7       18    -0.0536     0.0853    -0.0668    -2.6847   -19.3693     0.4448  1  2    19.0009    12.7123
     139        7       18     0.0315    -0.0898     0.1620    -4.1442   -13.9630    -4.3870  1  2    20.4483    12.5753
     140        7       18     0.4864     0.1252    -0.0942   -14.6208   -17.8803     9.8491  1  1    19.6158    11.9976
     141        7       18    -0.4010    -0.0147    -0.3661    -6.5470   -28.2391    -8.0598  1  2    19.7861    13.1008
     142        7       18    -0.1601    -0.0521    -0.4324     8.0110   -26.7040     5.8788  1  2    18.3535    11.8711
     143        7       18     0.1677    -0.0511    -0.9348     4.3708   -28.3228     3.4976  1  2    19.6372    12.0247
     144        7       18    -0.0860    -0.0011     0.6564   -13.6472   -20.1363    -1.1532  1  2    19.1033    12.6526
     145        7       18    -0.7039    -0.1247    -0.3756     2.3432   -31.1723     2.0677  1  2    19.1287    12.7070
     146        7       18    -0.1816     0.1384     0.2309    14.1640   -22.8683     0.5392  1  2    19.5328    12.8840
     147        7       18    -0.1726     0.1570    -0.2351     9.0000   -12.0537    -5.2926  1  2    19.5796    12.6894
     148        7       18    -0.0428    -0.0043     0.1383   -15.6908   -14.1359     2.4286  1  2    18.6138    12.3075
     149        7       18    -0.1181     0.1449    -0.0300   -21.0253   -22.1147    -1.3855  1  2    18.6507    12.4578
     150        7       18    -0.1326     0.1429    -0.5531    19.5032     1.7638     1.5601  1  2    19.2189    12.0587
     151        7       18    -0.8130     0.1763    -0.2065   -13.0730   -19.1766     4.9104  1  2    19.5182    12.0885
     152        7       18    -0.5370     0.1613    -0.0382    -0.1561   -20.2837    -4.7975  1  2    19.1993    12.4173
     153        7       18    -0.3160    -0.0949     0.0455   -23.8301   -23.2429     1.7278  1  2    18.5056    12.2592
     154        7       18     0.1263    -0.0313     0.2283    -9.0765   -10.9868     6.9183  1  2    18.6492    11.8035
     155        7       18     0.1771    -0.1289    -0.0578   -12.4671   -16.8944     4.8988  1  2    20.2274    12.2397
     156        7       18    -0.5614    -0.0718    -0.0692     4.6847   -21.3735    -1.0888  1  2    18.9478    12.4307
     157        7       18    -0.2539    -0.0042     0.1405    -0.6294   -23.1051     2.4342  1  2    19.3388    12.8784
     158        7       18    -0.1983     0.0666     0.1266    -6.2602   -24.8227    -4.7917  1  2    18.9570    12.6831
     159        7       18     0.0826    -0.1304     0.6014     0.2159    -1.9586     2.2882  1  2    18.7322    11.8578
     160        7       18     0.0480    -0.0548     0.4318   -13.2221   -18.7087    -7.8910  1  2    19.1066    12.5053
     161        7       18     0.3474     0.1554    -0.1594    10.1712   -19.3596     8.2749  1  2    19.3403    11.9495
     162        7       18    -0.0562     0.0286     0.5310   -17.4147   -25.8034     1.7988  1  2    20.1994    12.6968
     163        7       18    -0.4879     0.1328    -0.0883    -7.9080   -19.6589    -1.5891  1  2    19.2063    12.6202
     164        7       18    -0.5240     0.0770     0.3987    -1.4875   -26.1154    -6.7347  1  2    19.9532    12.5361
     165        7       18    -0.0054     0.0323     0.0677    -9.9424   -23.7618    -7.0325  1  2    19.4208    12.9530
     166        7       18    -0.0212     0.0989    -0.0528     7.6506    -6.2301     7.0883  1  2    20.3726    12.2927
     167        7       18    -0.1647    -0.0313     0.3592    -7.8373   -12.9208     8.0672  1  2    19.5432    11.9497
     168        7       18    -0.1138    -0.2229     1.0036   -19.1540   -18.7924    -8.0771  1  2    19.8328    12.6413
     169        7       18    -0.3744     0.1214    -0.2261    -0.9286   -26.0392   -10.7845  1  2    19.3425    12.6619
     170        7       18    -0.2099    -0.0173     0.4767    -1.7471   -25.0212     5.4488  1  2    19.6849    12.1413
     171        7       18    -0.5946     0.1269     0.0817   -16.8692   -30.9625   -17.0068  1  2    18.8690    13.5302
     172        7       18    -0.1224    -0.0041     0.1739   -20.4804    -9.6382     3.9134  1  2    19.1298    11.8170
     173        7       18    -0.5433     0.1499     0.4024   -34.9067   -30.0748   -11.1888  1  2    18.7793    12.7531
     174        7       18    -0.1050    -0.0141     0.1100    -0.5252   -18.0106    -1.5048  1  2    19.1486    12.8744
     175        7       18    -0.1904    -0.1290     0.2679   -15.7913   -19.6667     2.8264  1  2    19.9135    12.2464
     176        7       18    -0.3271    -0.0973    -0.3448    -7.9149   -17.1535    -0.8859  1  2    20.5293    12.5447
     177        7       18     0.0918    -0.0288    -0.1138    -1.9519   -27.5177     0.6068  1  2    19.9208    12.6999
     178        7       18    -0.1245     0.0054     0.2044    23.5588   -24.7937     0.3562  1  2    20.8169    12.6836
     179        7       18    -0.3047    -0.0507    -0.0911   -13.8792   -21.1091    -0.1975  1  2    19.8699    12.3401
     180        7       18     0.1188    -0.2333    -0.1911    -5.1007   -14.8280    -4.1197  1  2    19.0551    12.4270
     181        7       18    -0.4762     0.0589     0.1286    -6.4775   -16.8956     0.8138  1  2    19.3173    12.4506
     182        7       18    -0.4907    -0.0921    -0.3161    -3.7503   -25.8546    -0.2729  1  2    19.0493    12.6274
     183        7       18     0.0048    -0.0261     0.2544    -0.0198   -24.1043    -2.8471  1  2    19.0759    12.7273
     184        7       18    -0.1864     0.2545     0.8178   -13.1018   -24.2278     0.1002  1  2    19.6865    12.7024
     185        7       18    -0.2334     0.0013     0.4716   -10.8353   -12.5441    -3.6378  1  2    18.7260    12.7263
     186        7       18    -0.1947     0.0500     0.0882     4.4341   -10.2956     2.8303  1  2    18.4143    11.9555
     187        7       18    -0.0880     0.0682     0.3096    -6.9884   -11.7700    -6.4558  1  2    20.2503    12.6524
     188        7       18    -0.2063     0.0225     0.2094     5.8767   -22.6629    -1.1341  1  2    20.8061    12.5514
     189        7       18     0.0677    -0.0860     0.5375    -0.3300   -23.6057     1.4957  1  2    20.2046    12.5449
     190        7       18     0.1762     0.0058    -0.0693    -0.0413    -4.7354    -0.4381  1  2    20.0599    12.7455
     191        7       18    -0.3806    -0.0593    -0.7426    12.9904   -20.3875     1.5984  1  2    20.0960    12.5430
     192        7       18    -0.1970    -0.0875     0.4758     9.5534   -14.4291     1.4310  1  2    20.0466    12.0057
     193        7       18    -0.7887     0.3841     0.0748   -12.0532   -12.0891    -3.8479  1  2    20.0403    12.5246
     194        7       18    -0.1861    -0.0043     0.0477    -6.5611   -16.5698    -3.3015  1  2    19.9199    12.3905
     195        7       18    -0.4459     0.1450    -0.1011     1.8155    -7.6599    -1.7482  1  2    20.2166    12.5742
     196        7       18     0.4910    -0.0846     0.3849     1.4371   -18.2600     0.2957  1  2    20.3162    12.2816
     197        7       18     0.3605     0.2340     0.1789    14.4816   -11.0749     7.6133  1  2    20.3622    12.4816
     198        7       18     0.2496     0.0459     0.2735   -10.5406   -13.6975     5.4327  1  2    18.9151    12.3379
     199        7       18    -0.2095     0.0539     0.2702     4.8536   -13.9307     4.1734  1  2    18.8344    12.4809
     200        7       18    -0.3866    -0.0367     0.6045     0.0138   -25.2498     7.1804  1  2    19.2042    12.0215
     201        7       18    -0.1718     0.0458     0.0128    -2.3504   -17.5270    -1.5934  1  2    18.2550    12.2599
     202        7       18    -0.1637    -0.0209     0.0225    -5.8283   -17.9840    -0.4129  1  2    20.2791    12.7026
     203        7       18    -0.3846     0.0507     0.1832    10.7810   -20.9971    -2.6003  1  2    19.3233    13.0200
     204        7       18    -0.3147     0.0633    -0.3341    15.3812   -21.9041     2.8169  1  2    18.7429    12.3075
     205        7       18    -0.4134     0.0393     0.0345    10.2574   -13.9979    -1.3365  1  2    20.0073    12.4643
     206        7       18    -0.1885    -0.2078     0.7905    -0.5476   -26.3911    -1.0667  1  2    20.7916    12.4753
     207        7       18     0.0542    -0.0884    -0.2885    -3.5282   -22.2459    -4.8551  1  2    19.7483    13.0663
     208        7       18    -0.1462     0.2140    -0.0914    -0.4421   -17.2694     9.8626  1  2    18.9240    12.4694
     209        7       18    -0.1796     0.3867    -0.5488     1.9529   -36.6348   -14.5267  1  2    18.8889    13.7314
     210        7       18    -0.1998     0.0384    -0.0905     4.0768   -22.3006    -1.1212  1  2    18.9785    12.2326
     211        7       18     0.0575    -0.0235     0.5589     5.8536   -17.4301     1.1911  1  2    19.3709    12.1840
     212        7       18     0.1206    -0.0176    -0.2198    16.0210   -14.4833     5.9572  1  2    20.2128    12.3366
     213        7       18     0.3545    -0.0760     0.7188    -3.5986   -27.5855    -1.2478  1  2    20.3176    12.4155
     214        7       18    -0.3020     0.0692    -0.1945    11.7669   -10.1976    -4.3458  1  2    19.1315    12.5959
     215        7       18    -0.2777     0.0091    -0.1305     5.6581   -19.8573     4.8062  1  2    19.5885    12.0455
     216        7       18    -0.2021    -0.0578    -0.0168    -4.0448   -15.1875    -2.1572  1  2    20.1433    12.8819
     217        7       18    -0.3408    -0.0471     0.3280     0.2023   -20.5745     0.6983  1  2    21.1934    13.0821
     218        7       18    -0.3586     0.0012    -0.0703     1.6627   -13.0590     3.1895  1  2    20.3468    12.4121
     219        7       18    -0.3808    -0.0299     0.4414    -2.7209   -19.8552     2.2444  1  2    19.6603    12.2423
     220        7       18     0.3531    -0.0090     0.2389    -2.3583    -5.5692     8.1994  1  2    20.0108    11.7152
     221        7       18     0.1789     0.1383     0.5882   -18.4840   -17.1389    -4.9215  1  2    20.0749    12.5463
     222        7       18    -0.4430    -0.0149     0.5184     2.7866   -11.6745    -1.7427  1  2    19.6869    12.0192
     223        7       18    -0.0249     0.0445     0.5327    -6.4862    -9.5773    -4.0210  1  2    20.5195    12.8546
     224        7       18    -0.3148    -0.0086     0.4145    -4.3253   -15.9484    -4.8153  1  2    20.4936    12.9567
     225        7       18     0.2260    -0.0689     0.0190     0.6182   -18.8534     7.1373  1  2    20.6866    12.6827
     226        7       18    -0.3907    -0.1350     0.5652    -7.7275   -15.7938     4.6896  1  2    19.9121    11.8359
     227        7       18    -0.2508    -0.1253    -0.1694     4.3350   -20.7316     0.9021  1  2    19.7844    12.6094
     228        7       18    -0.6543     0.2173    -0.6591     2.9725   -15.2726    -4.3374  1  2    19.2609    12.7814
     229        7       18    -0.2337     0.0809     0.0612    17.8008   -16.1473    -5.2793  1  2    19.6729    12.3911
     230        7       18    -0.2044    -0.0611    -0.2498    -7.6832     1.6895    -3.4110  1  2    19.4361    11.8517
     231        7       18    -0.0040     0.0444     0.0505    -4.1543   -16.3330     2.0085  1  2    19.4737    12.3244
     232        7       18    -0.2629    -0.1897     0.8069     0.5009   -16.2531     1.3219  1  2    19.3489    12.3708
     233        7       18    -0.2002    -0.0409     0.3684    -0.6712   -20.8904     0.6838  1  2    19.6010    12.8024
     234        7       18    -0.0206    -0.1199    -0.1592    -0.2597   -16.9055    -0.6298  1  2    19.6382    11.9823
     235        7       18     0.1367     0.2071    -0.0810    -7.1485   -27.5937     8.6361  1  1    19.5399    12.3607
     236        7       18    -0.3454     0.2852    -0.1956    11.2934   -24.9530    19.5578  1  1    19.3604    11.5382
     237        7       18    -0.2694     0.1366    -0.7340     4.8466    -6.7453    10.1901  1  2    20.4979    12.0500
     238        7       18    -0.3499    -0.0437     0.0705    10.7161   -11.3876     0.3689  1  2    21.0117    12.3865
     239        7       18    -0.1844    -0.0287    -0.4075    -8.9400   -23.0712     2.1253  1  2    20.8130    12.7803
     240        7       18    -0.7324     0.1812    -0.4219    29.4409   -17.5869    -2.0528  1  2    20.1293    12.8771
     241        7       18    -0.2500     0.0418    -0.3919    26.8240    -5.0280     4.2371  1  2    19.4898    12.5465
     242        7       18    -0.1299     0.0034     0.4746     4.9252   -28.3983    -6.0472  1  2    20.8829    13.5632
     243        7       18    -0.3344     0.0711     0.5165    -1.9107   -21.6062    -5.7372  1  2    20.7286    13.3414
     244        7       18    -0.0022     0.0512    -0.4113    -4.8882   -17.9292     5.7123  1  2    20.8709    13.0080
     245        7       18    -0.6478     0.2575     0.3890   -18.1987   -32.8856    -9.9729  1  2    20.6415    13.3277
     246        7       18    -0.9903     0.3271     0.0618    -7.1217    -2.3446   -14.8083  1  2    19.8254    13.7713
     247        7       18     0.1496    -0.0802    -0.2564   -12.6015   -26.9389    -4.0088  1  2    18.8670    12.6229
     248        7       18    -0.3616     0.4006     0.0632   -20.0581   -12.6887    -8.2008  1  2    19.6079    12.7645
     249        7       18    -0.1107     0.0701     0.0993   -16.6478   -20.7316    -4.1096  1  2    19.7933    12.8713
     250        7       18    -0.0803     0.2569     0.1533    -2.0033   -13.7352     3.6639  1  2    19.7868    12.9558
     251        7       18     0.3410    -0.0054     0.5041    -6.5651   -27.1185     8.7412  1  1    19.5772    12.5122
     252        7       18    -0.6130    -0.0091    -0.1700    -9.5860   -16.7519    -0.8647  1  2    19.7424    12.8969
     253        7       18    -0.3679     0.0976    -0.1387    -2.2098   -10.2647     1.6661  1  2    19.0261    11.9346
     254        7       18     0.3224    -0.0614    -0.4348     5.7752   -31.5754    -1.6475  1  2    18.7705    12.7521
     255        7       18    -0.3396    -0.0001     0.1089     4.4493   -17.0073    -6.8882  1  2    19.4001    13.2130
     256        7       18     0.4615    -0.2082    -0.2758    -8.5760   -27.6839     1.2722  1  2    20.0251    12.7771
     257        7       18    -0.1636     0.0420     0.6545    -9.1309   -21.5044    -4.5960  1  2    21.1546    13.0318
     258        7       18     0.2313     0.1595     0.7027   -21.8073   -14.2029     4.2556  1  2    19.1085    12.1476
     259        7       18    -0.3681     0.2047    -0.1901     4.6665   -18.7137    -3.6619  1  2    18.6314    12.4066
     260        7       18    -0.1002     0.0506    -0.2028     5.4952   -22.5044    -9.1410  1  2    19.9675    13.0370
     261        7       18    -0.0340    -0.0195     0.0409     8.5858   -24.5543    -3.7818  1  2    18.6173    12.7155
     262        7       18    -0.2645    -0.0692    -0.0543    -5.5161   -21.2801    -5.8806  1  2    20.4033    12.7831
     263        7       18     0.2882    -0.0600     0.2424     5.1554   -11.6838    -3.6951  1  2    19.7630    12.7093
     264        7       18    -0.0989    -0.1567    -0.8513    11.8483   -10.5181    -3.2711  1  2    18.8187    12.6421
     265        7       18    -0.2907     0.5118    -0.2594     2.4272   -17.0759     5.6843  1  2    19.6464    12.7654
     266        7       18    -0.3496    -0.0021     0.8156   -15.1563   -19.2962    -8.1837  1  2    19.1729    12.7467
     267        7       18    -0.4940     0.2709    -0.1692    -5.8399   -12.2686     1.0959  1  2    18.8969    12.2651
     268        7       18    -0.2183     0.1063     0.1306   -13.2567   -13.2377     1.7587  1  2    18.9186    11.7554
     269        7       18    -0.0212     0.0965     0.0229    -2.5047   -20.7525    -6.8210  1  2    20.0530    12.9868
     270        7       18     0.1977    -0.0321    -0.0437     4.7951   -16.4949     5.2134  1  2    19.8835    12.1783
     271        7       18    -0.1590    -0.1799    -0.7686    -8.8329   -18.5246    -4.9121  1  2    18.6813    12.2475
     272        7       18    -0.6651     0.2171     0.4062     2.4648   -22.4910     0.2529  1  2    19.0724    12.4190
     273        7       18     0.1560     0.0280     0.2004   -11.1379   -17.1491    -3.7884  1  2    19.3084    12.4242
     274        7       18    -0.2214    -0.1025    -0.6502   -14.3706   -19.0465    -4.9258  1  2    19.0330    12.2478
     275        7       18    -0.0794    -0.0273     0.3352     0.3752   -18.5583    -0.6428  1  2    20.7360    12.6938
     276        7       18     0.0518     0.0267     0.7152   -24.1922   -21.2570    -1.4635  1  2    19.3273    11.9048
     277        7       18    -0.6344    -0.0513    -0.6856    10.8442   -25.3622    -6.9826  1  2    18.3474    13.1751
     278        7       18    -0.4481    -0.1090     0.1536     5.3006   -25.3664    -6.7735  1  2    20.1704    12.9224
     279        7       18     0.0626     0.2016    -0.4084     8.9080   -10.1179    -6.8608  1  2    20.3645    13.2167
     280        7       18    -0.2008     0.1877    -0.3033     6.0229   -22.2649    -5.1086  1  2    19.7227    13.2649
     281        7       18    -0.1181    -0.0652     0.3818   -20.7026   -18.6211    -3.4939  1  2    18.3385    12.0953
     282        7       18    -0.4666     0.0491    -0.3115    -0.6187   -27.2678    -3.9540  1  2    18.2124    12.3735
     283        7       18    -0.4336     0.0767    -0.0401   -14.9146   -35.0183     8.8243  1  2    18.8154    12.0086
     284        7       18    -0.0031     0.0387     0.1125     2.4029   -20.1246     1.2268  1  2    18.4430    12.4024
     285        7       18     0.0274    -0.0678     0.1497    -7.3421   -23.9358     1.4788  1  2    19.5622    12.1967
     286        7       18    -0.4006     0.0461     0.0713     1.3329   -19.2346    -0.5790  1  2    18.7810    12.2068
     287        7       18    -0.2707     0.0357    -0.3778     2.5578    -4.8151    -2.8640  1  2    19.1633    12.3249
     288        7       18    -0.3470     0.4343    -0.2176    -1.1981   -17.1431    -1.0352  1  2    19.9075    13.0877
     289        7       18    -0.0857     0.1328     0.5988    -8.0263   -12.5944    -4.9275  1  2    18.3980    12.6392
     290        7       18     0.0274    -0.0857     0.4946   -18.1615   -12.6719     0.1969  1  2    19.8493    12.2991
     291        7       18    -0.1970     0.2273    -0.1828     9.0400   -12.1112     4.0845  1  2    18.5439    12.1574
     292        7       18    -0.3210     0.0716     0.0989   -15.6517   -25.3093     1.2064  1  2    19.7376    12.9960
     293        7       18    -0.3418     0.1216     0.0581    -2.1741   -11.6667    -2.5053  1  2    19.6322    12.4511
     294        7       18    -0.3184    -0.0056    -0.6518     1.0557   -18.8671    -2.0080  1  2    19.0714    12.7787
     295        7       18     0.0219     0.0704    -0.2037    -1.4174   -28.2121    -1.7039  1  2    20.0410    12.9128
     296        7       18     0.1487    -0.0676    -0.3576     2.0060   -16.0305     1.1981  1  2    18.4652    12.0656
     297        7       18    -0.1522    -0.0616     0.1390    -1.9479   -31.5803    -1.9848  1  2    19.8087    13.0318
     298        7       18     0.3254    -0.0002     0.0940   -12.4626   -12.5751     2.8318  1  2    19.8477    12.3066
     299        7       18    -0.2991     0.1246     0.0814     9.1253   -33.3151   -11.6954  1  2    18.8608    12.8915
     300        7       18    -0.0525    -0.3131    -0.6309    -5.0256   -26.5129     1.7554  1  2    20.1118    12.3112
     301        7       18    -0.1011     0.0043     0.1210    -6.7239   -29.2362     2.1419  1  2    18.5550    12.3551
     302        7       18     0.1005     0.1157    -0.0899   -11.1972   -20.3769     5.1129  1  2    19.1659    12.4488
     303        7       18     0.1129     0.0816     0.0388     5.3738   -16.0262     0.1988  1  2    19.5545    12.3891
     304        7       18     0.0694     0.0342    -0.3911     8.7432    -6.6368    -4.7520  1  2    19.4800    12.5971
     305        7       18     0.0590    -0.0062     0.3780    -8.1436   -11.6563     8.7444  1  2    19.3629    11.8854
     306        7       18    -0.6843    -0.0741     0.0501    -9.4860   -23.0577    -3.3545  1  2    19.7889    12.4498
     307        7       18    -0.1022     0.0498    -0.0209    -1.5185   -14.8538    -1.7443  1  2    19.5354    12.4782
     308        7       18    -0.2112    -0.0754    -0.5350    -1.4936   -11.3727     3.6659  1  2    20.1636    12.0736
     309        7       18    -0.4091     0.0721     0.2948    13.0666    -9.8024     4.2313  1  2    20.0222    11.5416
     310        7       18     0.0577     0.0572    -0.4174    11.7429   -31.9729     4.1658  1  2    19.6126    12.1691
     311        7       18     0.3323    -0.0714     0.0599     0.6891   -31.3986     6.3841  1  2    19.9317    12.2614
     312        7       18     0.1637     0.0607    -0.1376     6.7790   -20.7601    12.1499  1  2    19.9882    11.8938
     313        7       18    -0.3835     0.0322    -0.5949    -8.5237   -38.8909     1.5221  1  2    18.7966    12.8460
     314        7       18    -0.5504     0.1792     0.0678    -6.8880   -13.2583     1.3540  1  2    19.7331    12.8277
     315        7       18    -0.2794    -0.1890     0.4358    15.1991   -13.7692    -2.5922  1  2    19.1203    12.3176
     316        7       18    -0.0747    -0.0243     0.5364    -5.3489   -10.2339     2.9777  1  2    19.7905    11.8650
     317        7       18    -0.6389     0.0453    -0.2219     4.8814   -23.7724     7.2541  1  2    19.6216    12.0847
     318        7       18    -0.2743     0.1144    -0.0814   -13.6368   -12.7969    -6.3815  1  2    20.5284    12.9523
     319        7       18    -0.7186     0.0637     0.2326   -13.0833   -18.7889    -8.9115  1  2    20.2168    12.9512
     320        7       18     0.1573    -0.0057    -0.5761    -0.9425   -17.9711    11.2144  1  2    18.8875    11.7126
     321        7       18    -0.8587     0.0297    -0.2789    -1.6109   -16.8272    -5.3829  1  2    21.0966    13.1828
     322        7       18    -0.5590    -0.1340    -0.2504     3.9064   -17.7373    -0.6274  1  2    19.3768    12.2541
     323        7       18    -0.0544     0.0628     0.3119   -26.8734   -18.3478     2.5750  1  2    20.5562    12.2737
     324        7       18    -0.6826     0.0423    -0.0458     6.4282   -17.2316    -4.7279  1  2    20.7165    12.7351
     325        7       18    -0.0664    -0.0266    -0.5892     6.1267   -18.0763     3.9568  1  2    19.4240    12.4184
     326        7       18    -0.2437     0.1552    -0.1820     5.0983   -19.4839    11.1998  1  2    19.4515    12.1148
     327        7       18     0.2779     0.0568    -0.3138    12.8539   -32.1428     1.6085  1  2    20.7879    12.9236
     328        7       18     0.2136     0.1632     0.0855    10.6733   -16.1710     1.6037  1  2    21.3230    12.8153
     329        7       18     0.1855     0.0429    -0.5250     7.0210   -23.1460     0.2288  1  2    20.9813    12.7179
     330        7       18    -0.2029     0.0421     0.0603   -11.3705   -17.7541     2.5633  1  2    19.8844    12.2777
     331        7       18     0.0496     0.2160    -0.3776     8.0784   -16.7729    -1.9354  1  2    20.6471    12.7969
     332        7       18    -0.0077     0.1198    -0.6752    16.9955   -28.1647     4.1591  1  2    19.9359    12.4831
     333        7       18    -0.7256     0.0393     0.2174    -9.4673    -4.0809    -5.6871  1  2    20.2392    12.2114
     334        7       18    -0.1340    -0.1392     0.4472    -1.4540   -22.0232     4.7022  1  2    20.2896    12.3859
     335        7       18     0.2000    -0.0813     0.7187    -2.7679   -20.7132     0.6507  1  2    20.7126    12.5478
     336        7       18    -0.2527    -0.1067    -0.3428     8.0744   -23.0700     1.7511  1  2    19.2405    12.1985
     337        7       18    -0.0593    -0.1032    -0.2614    -0.5968   -16.9073     4.2021  1  2    19.7393    12.1647
     338        7       18    -0.4371     0.1387     0.2590    11.7012   -22.5144    -4.7780  1  2    19.2868    12.7725
     339        7       18    -0.1635     0.0820    -0.2456     8.0144   -10.7583    -4.5975  1  2    19.5999    12.2391
     340        7       18    -0.3988     0.2395     0.1483    -4.7601   -19.7399    -1.9719  1  2    18.9326    12.7797
     341        7       18    -0.2028    -0.0513     0.5978   -10.3283   -13.5890    -8.3744  1  2    21.4073    13.1748
     342        7       18     0.3567    -0.0558    -0.0064     0.9353   -19.7196     0.0333  1  2    20.1068    12.6208
     343        7       18    -0.3429     0.0292     0.1579   -17.3970   -20.8982    -0.8307  1  2    18.5896    12.4762
     344        7       18    -0.2619    -0.0695    -0.0470    -7.3501    -7.9018    -0.6767  1  2    19.2491    12.3039
     345        7       18     0.0961    -0.0645    -0.0352     3.8277   -14.8164     7.5483  1  2    18.7206    11.8042
     346        7       18    -0.0920    -0.0525     0.4032     0.9421   -20.3734    -4.3177  1  2    19.8241    12.5938
     347        7       18     0.0879     0.0642     0.3658     4.0076   -28.4981    -3.8608  1  2    19.1352    12.7691
     348        7       18     0.0526    -0.0431    -0.2077     8.5182   -16.5559     4.5536  1  2    18.5302    11.6905
     349        7       18    -0.3466     0.1179     0.0292    -2.1085    -8.1066    -3.6271  1  2    20.1271    12.6486
     350        7       18    -0.1646    -0.0520    -0.5487     5.0523   -29.7092    10.0373  1  2    19.0355    11.9924
     351        7       18    -0.0059     0.1393     0.8749   -24.5793   -12.9812    -8.2496  1  2    19.6121    12.0678
     352        7       18    -0.3494     0.0006    -0.2522    11.8267   -27.4198    -0.1540  1  2    18.7237    12.3407
     353        7       18    -0.0377     0.0313     0.3536     7.5431   -16.9911    -0.9667  1  2    20.2843    12.2975
     354        7       18    -0.2606     0.0139     0.1476     6.5428   -18.4274    -3.3970  1  2    20.6758    13.2949
     355        7       18    -0.0658    -0.1004    -0.2209    -6.0826   -17.7669    -1.1861  1  2    19.3472    12.4539
     356        7       18     0.1402     0.1083     0.0235   -13.9985   -20.6296     3.3486  1  2    19.1483    12.6452
     357        7       18     0.0106     0.0611    -0.2336   -10.5545    -9.3203     2.5620  1  2    19.3358    12.2067
     358        7       18    -0.2620     0.2099     0.0287     0.0178   -20.3203     7.6510  1  2    19.3764    12.3487
     359        7       18    -0.0915     0.0448    -0.2178    -1.5762   -19.1034    -3.8350  1  2    19.3162    12.8894
     360        7       18    -0.3795     0.2098     0.1416   -17.8606   -27.4972    -7.5558  1  2    20.0856    12.7662
     361        7       18    -0.4647    -0.1735    -0.3189    -7.0480   -29.4101    -1.3747  1  2    18.8257    12.4494
     362        7       18    -0.2217    -0.0906    -0.6092     5.8470   -17.0551     4.4751  1  2    18.3868    12.1586
     363        7       18    -0.5018    -0.0968     0.0930    -1.5601   -34.3831    -3.3607  1  2    18.5533    12.5602
     364        7       18     0.1496    -0.1831     0.3443   -15.1928    -7.1904    -0.4925  1  2    18.9849    12.2893
     365        7       18    -0.1427     0.0896    -0.3093    -5.7260   -17.2775    -4.2725  1  2    20.0883    12.5204
     366        7       18    -0.2143     0.0976    -0.3653    -3.0424   -22.2527     1.9965  1  2    19.7688    12.3214
     367        7       18     0.0232     0.1166     0.2035   -15.8126   -24.9292     5.8714  1  2    19.7772    12.3642
     368        7       18     0.0552     0.1963    -0.2407     4.5016   -19.6976     9.1077  1  2    19.0092    12.0082
     369        7       18    -0.4585    -0.0418     0.3187     3.3873   -18.8133     7.5224  1  2    18.5618    11.6746
     370        7       18    -0.3032     0.0666     0.0117     2.5836   -16.2397     6.6176  1  2    18.6457    12.1493
     371        7       18     0.1277     0.0342    -0.3747    -7.0969   -25.5747    -1.9788  1  2    18.9453    12.9225
     372        7       18     0.2159     0.0598     0.4514    -5.7016   -43.5272    -0.3352  1  2    18.9712    12.9446
     373        7       18    -0.3517     0.0760     0.2461   -13.5323   -27.7876    -1.8174  1  2    18.4537    12.3463
     374        7       18    -0.2804    -0.0045     0.1898     3.0774   -17.5943    -1.0487  1  2    20.3180    12.8807
     375        7       18     0.0879     0.0068    -0.1044     7.9478   -22.8300     8.7958  1  2    19.8331    12.1746
     376        7       18     0.1457    -0.0252    -0.0774     3.0613   -11.1221     3.8158  1  2    19.8175    12.2086
     377        7       18     0.2706     0.0082     0.6739     5.9570    -4.9803     8.9051  1  2    20.6804    12.3527
     378        7       18     0.0202    -0.0867    -0.5270    11.1158   -20.1345     1.0808  1  2    19.9229    12.1256
     379        7       18    -0.1215     0.1048     0.0588    10.5879     3.1510    -2.9093  1  2    18.4357    11.8236
     380        7       18    -0.2826    -0.0241     0.7510    -9.9991   -18.9969    -7.0898  1  2    19.3568    13.1156
     381        7       18     0.1398     0.0019     0.3801   -13.8659   -13.2632    -2.5378  1  2    18.9315    12.3508
     382        7       18    -0.2027    -0.0074     0.5021   -11.3018   -23.3832    -3.3934  1  2    19.0005    12.6000
     383        7       18    -0.0856     0.0803    -0.3217    12.8329   -16.7093     4.2053  1  2    19.5608    12.2229
     384        7       18    -0.2758     0.1919     0.0226   -12.1854   -15.7468     0.6238  1  2    19.4768    12.7710
     385        7       18     0.1371     0.0010    -0.2122   -11.6917   -13.1975    -5.2957  1  2    20.8639    12.8046
     386        7       18    -0.1776     0.2859     0.4458     0.6357   -10.9082    10.5032  1  2    19.7257    12.5034
     387        7       18    -0.2597     0.0034     0.5048    -6.8491   -20.6775    -0.5354  1  2    19.1258    12.7158
     388        7       18    -0.4043    -0.0191    -0.0534     6.3625    -3.4802    -3.0128  1  2    20.8644    12.6462
     389        7       18    -0.2642     0.1885    -0.1345    19.3286   -19.8501     8.0541  1  2    18.8477    11.9149
     390        7       18    -0.3075     0.0162    -0.2057    16.9601   -14.6872     1.3874  1  2    19.0731    12.4615
     391        7       18     0.0709     0.0139    -0.0519     3.7220   -14.3770    -0.6484  1  2    20.9903    12.4794
     392        7       18    -0.3829     0.1520    -0.7138     0.6826   -13.1703    -6.9807  1  2    19.2347    12.4128
     393        7       18    -0.0024     0.3470     0.5908   -13.7900   -14.1936     3.3805  1  2    18.9061    12.7462
     394        7       18    -0.4286     0.0029     0.6661   -12.7776   -35.5939   -18.6750  1  2    19.1441    13.3586
     395        7       18    -0.4287    -0.0374    -0.0401    -1.8467   -21.9158    -4.6366  1  2    19.7793    12.9980
     396        7       18    -0.2986    -0.0789    -0.0625    -4.1254    -6.4635    -4.2195  1  2    19.2237    12.4255
     397        7       18    -0.5565     0.0724    -0.6452     9.3832   -21.8169     1.3030  1  2    18.9254    12.6253
     398        7       18    -0.2433    -0.0821    -0.6100     1.7994   -14.4369     3.1926  1  2    19.0905    12.1951
     399        7       18     0.1577     0.1041     0.2540   -20.8851   -24.6755     9.8289  1  2    20.0884    12.1202
     400        7       18    -0.1049     0.0435     0.4377     8.8249   -13.8151     6.1263  1  2    18.8610    12.0217
     401        7       18     0.0934     0.0991     0.1019     7.9826    -9.9875     1.0941  1  2    20.2120    12.6724
     402        7       18    -0.1768     0.0537    -0.3041    -8.0609   -12.4754    -6.4990  1  2    19.0175    12.5283
     403        7       18     0.1214     0.0479    -0.2568     3.5332   -22.4360     3.3741  1  2    18.3911    12.3839
     404        7       18    -0.5276     0.4236     0.5348   -15.7136    -2.9009   -11.4070  1  2    20.3584    13.2668
     405        7       18    -0.4367     0.1076     0.3479     0.5923   -19.5225    -0.2226  1  2    19.8768    12.8974
     406        7       18    -0.1230     0.0624    -0.1346    -0.9592   -20.6929    -0.3302  1  2    19.3798    12.7072
     407        7       18     0.0711     0.0233     0.2035    -3.1129   -17.1447     5.2733  1  2    19.5242    12.3249
     408        7       18     0.1983     0.0448    -0.5810    -2.2060   -16.4577     5.1433  1  2    18.7437    12.0002
     409        7       18     0.0663    -0.0583    -0.5958   -12.9999   -19.2936     4.5864  1  2    18.2603    11.6599
     410        7       18    -0.0602    -0.0255     0.2946     0.2789   -15.4865     2.7142  1  2    19.0057    12.1573
     411        7       18     0.5317     0.1851    -0.1490    14.3305   -26.0413     7.3054  1  2    19.4405    12.3535
     412        7       18     0.0023    -0.0319    -0.4896    -6.3575   -18.8292     5.2574  1  2    20.1602    12.1635
     413        7       18    -0.3611     0.0266     0.2129     5.2920   -14.0360    11.5467  1  2    18.4210    12.0301
     414        7       18     0.1501    -0.1464    -0.2850    -2.9629   -13.3167    -7.3853  1  2    18.8969    12.2333
     415        7       18     0.0583    -0.0407    -0.0650    15.9331   -17.6064     3.1867  1  2    19.2658    12.0548
     416        7       18    -0.6299     0.0047    -0.1743     6.0725   -20.8170     0.0496  1  2    19.3103    12.6188
     417        7       18     0.0720     0.0049    -0.4122    -0.6684    -6.3043    -4.0021  1  2    21.2846    12.4188
     418        7       18    -0.2189    -0.0387    -0.1021    12.9854   -10.1664    -8.0527  1  2    18.9728    12.4886
     419        7       18    -0.3266     0.0731     0.0033     3.4580   -28.6905    -5.6869  1  2    18.9793    12.7695
     420        7       18    -0.1905     0.3211     0.5213    -5.1457   -14.9378     9.0838  1  2    19.4605    12.1677
     421        7       18    -0.3148     0.0648     0.7508   -16.6788   -10.7401    -1.5054  1  2    19.9053    12.3008
     422        7       18    -0.4556     0.0970     0.3276   -11.0572   -29.1818   -11.8742  1  2    18.9607    12.9094
     423        7       18     0.0361     0.0110     1.4398   -18.5199   -16.1416    -0.2748  1  2    19.0044    12.3888
     424        7       18    -0.2564     0.0383    -0.4115    -2.3634   -14.7082     2.5773  1  2    20.5645    12.3346
     425        7       18    -0.0237    -0.0283    -0.0781    -9.1583   -20.4793    -0.1609  1  2    19.0223    12.5276
     426        7       18    -0.5300     0.2112     0.4135     1.1389   -26.9537     1.1501  1  2    18.3323    12.0416
     427        7       18    -0.1761    -0.0609    -0.4708    -4.6135   -26.9294    -0.4109  1  2    19.0883    12.5757
     428        7       18    -0.3784     0.0559     0.0403    -0.8636   -11.3199    -3.8729  1  2    18.8979    12.4611
     429        7       18    -0.3090     0.1588    -0.3026    -1.2076   -23.6651     4.6535  1  2    19.7118    12.3836
     430        7       18    -0.5820    -0.0344    -0.1709     4.7341   -14.0415     1.8430  1  2    19.9610    12.3612
     431        7       18     0.1027    -0.0463    -0.6820    11.9364   -19.7622     5.8375  1  2    19.9646    12.1466
     432        7       18     0.4839    -0.1564    -0.6873    -2.2538   -18.9462     2.0758  1  2    18.0233    12.4734
     433        7       18    -0.2881     0.1162     0.2436   -12.4633   -26.7474    -4.9229  1  2    18.5447    12.3892
     434        7       18     0.3091    -0.1296    -0.5156     0.0615   -23.7755     1.4026  1  2    19.3246    12.3215
     435        7       18    -0.3142    -0.0348    -0.1393     5.6007   -25.9853    -3.5974  1  2    19.5397    12.5613
     436        7       18     0.0621     0.0870     0.6425   -10.9607   -26.3141     4.6702  1  2    19.2805    12.3595
     437        7       18    -0.2439    -0.0215    -0.8004    14.3379   -18.3564     2.6181  1  2    18.4542    12.6484
     438        7       18    -0.5283    -0.0171     0.2865   -10.2088   -25.8125    -7.2865  1  2    18.8871    12.4965
     439        7       18     0.0810    -0.0369    -0.1545    -4.6471   -23.0794    -3.5623  1  2    20.2659    12.8771
     440        7       18    -0.1643    -0.0317    -0.4229     7.3358   -16.2098     2.8632  1  2    18.9419    12.7600
     441        7       18    -0.0217     0.1136     0.6576   -14.5364   -17.1325    -3.7672  1  2    20.5424    12.8105
     442        7       18     0.1460     0.2878    -0.6029    -2.9621    -0.8868     1.5295  1  2    18.9042    12.4655
     443        7       18     0.1342     0.2030    -0.3716     4.3519   -17.0788     0.9565  1  2    19.9051    12.6919
     444        7       18    -0.0462    -0.1902     0.0779    -0.7444   -17.5877     0.4160  1  2    18.8041    12.2134
     445        7       18    -0.1919    -0.0016     0.1292    -5.3300   -18.2060    -3.1721  1  2    20.9725    12.9664
     446        7       18     0.2518     0.0145     0.2913     2.9409   -13.1586     4.4220  1  2    20.1740    12.0005
     447        7       18    -0.1218     0.1600     0.0660     4.8786   -11.2266     7.3703  1  2    20.3533    12.4369
     448        7       18    -0.7021    -0.0378     0.5378    11.7546   -17.3139     0.5821  1  2    20.1739    12.2991
     449        7       18    -0.1372    -0.0651     0.4810     0.9460   -18.3967    -4.9763  1  2    19.0739    12.2352
     450        7       18    -0.2321    -0.0650     0.4266   -11.2507   -18.8550     1.9979  1  2    19.8332    12.4509
     451        7       18    -0.0176    -0.0125     0.5483     1.0107    -8.1025     7.9780  1  2    19.1017    12.1765
     452        7       18    -0.2172     0.0128     0.2684    -1.2300   -21.9109     4.8749  1  2    19.9313    12.5793
     453        7       18    -0.1132     0.1121     0.0124     2.5684   -13.1170    -4.8527  1  2    20.2648    12.2026
     454        7       18    -0.4832     0.0228     0.0583    -3.0357   -19.3072    -1.8028  1  2    21.0552    12.8819
     455        7       18    -0.1802    -0.1614    -0.5082     6.8083   -21.7547     2.8726  1  2    19.5814    12.3915
     456        7       18    -0.0682     0.0355     0.5656   -13.2434    -6.4417    -0.0920  1  2    20.3409    11.9507
     457        7       18    -0.5708     0.1670     0.2674    -2.0171   -17.0221     0.7548  1  2    19.4395    12.4946
     458        7       18    -0.5316     0.0014    -0.9896     9.8918    -9.5475    -7.0164  1  2    20.4956    12.8274
     459        7       18     0.2212     0.0976     0.2700     9.4645   -30.5507     5.1761  1  1    20.6703    12.7771
     460        7       18    -0.2324    -0.0318     0.3566     0.0173   -21.5837     7.9166  1  2    19.9997    12.2108
     461        7       18    -0.3209     0.1832    -0.0764     2.8697   -24.0838    -3.2190  1  2    18.8638    12.8476
     462        7       18    -0.6498    -0.0324    -0.5197     9.5366   -12.7263     3.4822  1  2    19.7443    11.9824
     463        7       18     0.0337    -0.0824     0.0057     5.6341    -7.8866    -3.1689  1  2    20.2327    12.2603
     464        7       18    -0.5995     0.1092     0.3263   -16.7939   -24.2860    -2.7738  1  2    18.9415    12.5780
     465        7       18    -0.2507     0.0096     0.4919    -9.6147   -16.6120    -5.7364  1  2    19.5231    12.6499
     466        7       18    -0.3871     0.0077     0.3440   -15.6815   -12.4175    -0.7177  1  2    19.4457    12.5916
     467        7       18    -0.3466     0.1583    -0.3050    12.3697   -17.9394     8.5750  1  2    19.4735    11.5568
     468        7       18     0.2069    -0.0599     0.2862   -14.0153   -21.1814     6.1844  1  2    19.2703    12.1495
     469        7       18    -0.0749     0.0018    -0.3056    -2.8589   -16.2326    -0.0987  1  2    20.3506    11.8866
     470        7       18    -0.2735     0.1399    -0.4143     5.6723   -20.6623     1.8398  1  2    21.3224    12.8269
     471        7       18    -0.6548     0.0261    -0.3091   -10.2440   -21.5265    -3.9672  1  2    19.1717    12.4296
     472        7       18     0.0737     0.0389    -0.2405   -12.8338   -16.7713     4.7464  1  2    18.6746    12.1357
     473        7       18    -0.1323    -0.0994     0.1427     7.1599   -28.8449    -1.6606  1  2    19.7733    12.3633
     474        7       18     0.1554    -0.0316    -0.2020    -8.0773   -19.7648    -2.0980  1  2    19.0059    12.6492
     475        7       18     0.0220    -0.1009     0.2709     8.5023    -9.9720     5.7727  1  2    20.4761    12.4564
     476        7       18    -0.2321     0.1057    -0.0974    -3.5553   -31.1176    -0.1702  1  2    19.3284    12.4972
     477        7       18    -0.0002    -0.0015     0.2163    -0.7524   -18.0398     4.4364  1  2    19.9977    12.5804
     478        7       18    -0.2219     0.0943    -0.0959     3.2001   -13.0004     4.6415  1  2    19.4624    12.6461
     479        7       18    -0.1153    -0.0496     0.1004     2.7918   -25.1115    -6.3771  1  2    19.8906    13.1988
     480        7       18     0.0202     0.1840     0.1726    16.3853   -20.1116     2.0668  1  2    20.0139    12.4453
     481        7       18    -0.2851     0.0539    -0.5496     5.5395   -28.9762    -2.3396  1  2    19.7459    12.7878
     482        7       18    -0.3355     0.0843    -0.4815     1.9600   -19.5572     7.0528  1  2    19.1718    12.2309
     483        7       18    -0.0506    -0.1110    -0.3754     3.5816     1.6018    -2.0601  1  2    20.0869    12.3076
     484        7       18    -0.2462     0.0251    -0.0177    -3.7077   -27.5369    -4.3146  1  2    19.4316    12.4659
     485        7       18    -0.1862    -0.0155    -0.1227    12.6264   -19.1300     5.9320  1  2    19.1780    11.6837
     486        7       18    -0.6796     0.0259    -0.1155     8.4902   -27.4802    -3.6481  1  2    20.3181    13.1612
     487        7       18    -0.7129     0.3127    -0.3042    11.8906   -15.5947     5.6363  1  2    20.1430    12.4460
     488        7       18    -0.6239     0.1668    -0.1255    -1.4207   -18.4643     9.4070  1  2    18.9802    12.1143
     489        7       18     0.1044     0.0273    -0.3552     6.7770    -4.9719     1.4139  1  2    20.2716    12.4010
     490        7       18    -0.5036    -0.0502     0.3540     0.1704   -22.5017    -6.1092  1  2    19.6931    12.5739
     491        7       18     0.3828    -0.0767     0.3889    -5.0783    -5.4612    -3.8418  1  2    19.4575    12.3633
     492        7       18    -0.1789    -0.0815     0.1709    -5.1821   -16.3092    -0.3209  1  2    19.8159    11.9512
     493        7       18    -0.6515     0.3291    -0.2327    -6.0651   -10.0078     5.0930  1  2    19.4951    12.5310
     494        7       18    -0.2157    -0.0821     0.2478    12.5023   -14.6824     4.4370  1  2    19.7948    12.3545
     495        7       18    -0.4665     0.0284    -0.4380    -2.2036   -17.3425     9.1358  1  2    19.0279    11.7345
     496        7       18    -0.1124     0.0544     0.1537   -13.5654    -0.0863     1.9934  1  2    20.4426    12.1999
     497        7       18    -0.1072    -0.0418     0.4494     1.0054   -22.3595    -5.4726  1  2    20.0307    12.5910
     498        7       18    -0.3128    -0.0214    -0.0231    -7.4495   -30.3936     3.6362  1  2    18.8743    12.7285
     499        7       18     0.0260     0.0152    -0.0856    -0.2767   -27.2645    -1.5015  1  2    19.1507    12.6099
     500        7       18    -0.5819     0.2165     0.3789   -14.2132   -17.8898   -12.9651  1  2    19.9469    13.2574
