       1       10       15    -0.0124    -0.1735     0.4544     1.6919   -12.9666    -4.7199  1  3    18.1151    12.5519
       2       10       15    -0.2266     0.0046     0.3617    -2.4885     2.2068     0.3099  1  3    18.4769    12.6078
       3       10       15     0.2920     0.0023    -0.1525    -8.8699   -13.6766     0.9397  1  3    17.5990    12.2193
       4       10       15     0.0373    -0.0884     0.8044     7.7235   -11.6897    -6.9713  1  3    18.2745    12.8839
       5       10       15     0.3244     0.1205    -0.0607    -5.0034     6.5197    -4.9800  1  3    18.7252    13.1342
       6       10       15    -0.3441    -0.0531     0.9059     9.4365    -4.1772     3.1148  1  3    19.2647    12.3073
       7       10       15     0.3630     0.0589     0.1989     5.1662    -0.5500    -4.8648  1  3    20.2430    12.3753
       8       10       15    -0.5461    -0.2659     0.0676     6.0867   -21.5310     1.2246  1  3    18.6050    12.4411
       9       10       15    -0.3572    -0.2454     0.3931     0.2640   -10.5108    -2.8829  1  3    17.9263    12.3494
      10       10       15    -0.0822     0.0011     0.2724   -13.6057   -21.5181    -1.8645  1  3    18.9938    12.3892
      11       10       15     0.0255    -0.1533     0.1284    -2.9216    -5.5376    -1.1285  1  3    18.8678    12.4665
      12       10       15     0.0589    -0.1096     0.3920    11.5017     0.9087    -0.8308  1  3    18.1334    11.5870
      13       10       15    -0.2182    -0.1811    -0.2655    -2.2660    -9.3882    -4.7373  1  3    18.4402    12.5617
      14       10       15    -0.2626     0.0035     0.5431     0.7319    -0.9562    -0.3609  1  3    18.4993    11.7892
      15       10       15    -0.0726    -0.1409     0.9229    12.4459    -9.7089     1.1485  1  3    17.4316    11.9214
      16       10       15    -0.4365    -0.0472     0.1371    -1.2087    -1.1123    -3.5472  1  3    18.6789    13.0750
      17       10       15    -0.3043    -0.0998     0.1903   -15.3994   -12.4218     0.8483  1  3    18.0502    12.0100
      18       10       15    -0.6616    -0.3076     0.0112     4.9617    -2.4250    -3.1245  1  3    18.5080    12.0588
      19       10       15     0.0343    -0.0950     0.1720    -8.3743    13.3209    -2.9687  1  3    18.8433    12.1511
      20       10       15    -0.0372    -0.1711     0.1565    -6.3523    -2.2586    -1.4032  1  3    18.5812    12.0565
      21       10       15    -0.5567     0.2497    -0.2437   -16.0260    -7.6554     5.4058  1  3    19.1865    12.1062
      22       10       15     0.3266    -0.0600     0.3575     7.2076   -11.8410    -0.7554  1  3    18.7660    12.8005
      23       10       15    -0.1857    -0.0385     0.1967     2.2730     1.1791    -2.0331  1  3    19.6385    12.7015
      24       10       15    -0.0845    -0.0089     0.1113    -6.2173    -5.9354    -0.3193  1  3    19.0609    12.3933
      25       10       15    -0.1805    -0.1057    -0.6397    -7.0876     9.2042    -0.3786  1  3    19.2423    11.2842
      26       10       15    -0.3526    -0.1030     0.1189     3.4164     2.5989     4.2929  1  3    19.5838    11.3312
      27       10       15    -0.4832    -0.0156    -0.1406   -11.7312    -1.1594     4.5432  1  3    20.2086    11.6707
      28       10       15    -0.3816    -0.0319    -0.1698    -8.5667    12.3439    -4.2720  1  3    19.1993    12.3396
      29       10       15     0.4094     0.0147    -0.0223    -9.1370    -6.2521    -4.9627  1  3    19.9422    12.0065
      30       10       15     0.1467    -0.0559     0.4088   -12.6944   -15.8314    -3.4315  1  3    18.3933    12.3644
      31       10       15     0.6876     0.0244    -0.2213    -4.1596   -11.9984     1.1342  1  3    18.8269    12.0853
      32       10       15    -0.2856    -0.1290     0.1276    -3.1364    -7.4593     1.4822  1  3    18.8713    11.9789
      33       10       15    -0.4939    -0.0134     0.4275    17.2109    -0.4070     0.8372  1  3    18.9050    11.8767
      34       10       15     0.2876    -0.0854     0.1507     7.7559   -19.0832    -2.5272  1  3    18.1522    12.6448
      35       10       15    -0.5240    -0.0758     0.4381     4.1824    -7.6718     0.1835  1  3    18.1774    11.8687
      36       10       15    -0.3695    -0.1924    -0.0076    -3.9699    -3.3919     0.0195  1  3    19.7143    11.9205
      37       10       15     0.0227    -0.0249     0.3387    -2.1141    -4.9099    -1.5542  1  3    19.8958    12.1447
      38       10       15    -0.0033    -0.1637     0.1576    11.9186     0.2874    -3.4859  1  3    19.9234    11.4965
      39       10       15    -0.0672    -0.2008     0.1201    -6.0664    -5.9248    -6.3245  1  3    18.6608    12.4095
      40       10       15    -0.0344     0.2440     0.0471   -18.6710     1.1930     5.2640  1  3    18.6951    11.6443
      41       10       15    -0.1747    -0.1121     0.1063   -12.9169    -3.9980    -0.9204  1  3    19.6254    12.4454
      42       10       15     0.0862    -0.0791    -0.1285    11.1596     1.5431    -1.4713  1  3    17.9371    12.1842
      43       10       15     0.2159    -0.1038     0.3529    -0.0872    -5.9356    -5.1796  1  3    19.2943    12.4827
      44       10       15    -0.0840     0.1259     0.1652    -6.4222    -3.8844    -0.6603  1  3    18.3976    12.7970
      45       10       15     0.0849    -0.0615     0.7912   -15.7059     4.2015     2.9776  1  3    19.3334    12.3256
      46       10       15    -0.3595     0.0765    -0.4512   -32.4754    -0.9311    -3.6243  1  3    19.9706    11.4844
      47       10       15    -0.9629    -0.3649     0.6680    -4.9831    -5.9496     1.5376  1  3    18.9977    11.3740
      48       10       15     0.2777     0.1797    -0.4879   -20.6120    -1.4558     0.3170  1  3    18.7969    12.0063
      49       10       15    -0.1697    -0.1680    -0.5436   -18.8606     9.3463    -4.4786  1  3    18.6102    12.1738
      50       10       15    -0.4396    -0.0456    -0.6316   -15.1930    -4.3788     3.7225  1  3    19.1774    11.5869
      51       10       15    -0.0340    -0.1821     0.3622     0.8748     5.9850    -5.1828  1  3    20.0151    11.8723
      52       10       15    -0.5123     0.0071    -0.1893    -2.5649    -0.9760    -4.2028  1  3    19.5855    12.0566
      53       10       15     0.1091     0.1209    -0.2023    -8.2943    -1.7709     2.2244  1  3    19.7847    12.1080
      54       10       15     0.1277    -0.0358    -0.0822     1.7627    13.6186    -1.6940  1  3    19.3815    11.5726
      55       10       15    -0.0151     0.2170    -0.3985   -14.0409    -3.4374    -3.7862  1  3    20.4376    12.8313
      56       10       15    -0.3075    -0.0430     0.3969    10.2777    -5.1951     0.4738  1  3    20.4250    11.8106
      57       10       15    -0.5682    -0.0831     0.6599     8.5932     5.8858    -3.2169  1  3    18.8958    11.9496
      58       10       15    -0.1442     0.1201    -0.2199   -16.5025   -10.3041     0.8948  1  3    20.2827    12.3436
      59       10       15     0.0431    -0.0600     0.2212   -16.1583   -13.4487    -4.4531  1  3    20.1726    11.9978
      60       10       15    -0.0554    -0.1139     0.5495     7.3253    -7.3113    -1.4934  1  3    18.7095    12.7902
      61       10       15    -0.2250    -0.0663     0.4403    14.6038     5.0427    -0.3948  1  3    18.8452    12.3787
      62       10       15     0.0119    -0.2036     0.2882    13.3665    -3.9588    -3.3424  1  3    18.7878    11.7887
      63       10       15    -0.0578    -0.0974    -0.0070   -11.3634    -8.1564    -0.6705  1  3    19.7048    12.4977
      64       10       15    -0.2921    -0.0404     0.4914     1.4852    -4.1149     2.6143  1  3    18.5904    12.4693
      65       10       15    -0.2268    -0.1471    -0.1542     4.7508     0.8825    -0.3496  1  3    18.7026    12.1955
      66       10       15    -0.4731    -0.1960    -0.1277     1.3254    10.6785    -1.4381  1  3    19.7469    11.7691
      67       10       15    -0.0893    -0.0595    -0.0500     9.8309    -9.9803     1.8588  1  3    20.0459    12.4925
      68       10       15    -0.1756    -0.0992     0.2263     0.8038    -5.1265     0.9197  1  3    19.4063    11.9648
      69       10       15    -0.2719    -0.0500    -0.1482   -17.1494   -13.1254    -2.0274  1  3    19.9726    11.5751
      70       10       15     0.2937     0.2162     0.3181     8.7489    -4.3919    -4.5320  1  3    19.8286    12.6235
      71       10       15    -0.3710    -0.2177     0.4991     1.2731     4.4985    -1.9792  1  3    19.6443    11.8001
      72       10       15     0.1205     0.1461     0.0846    -0.1980    -3.4467     4.9867  1  3    20.1193    12.0519
      73       10       15    -0.1708     0.1104    -0.4372   -10.5611    -0.7939     5.5734  1  3    20.8651    12.6430
      74       10       15     0.3678     0.0113     0.3598     3.0708    -6.1609    -3.3782  1  3    19.5268    12.7156
      75       10       15     0.5431    -0.0236     0.3173   -15.7531   -16.2973     0.8014  1  3    19.6754    12.6311
      76       10       15     0.1331     0.0435     0.0344   -15.0231   -11.3858     0.1029  1  3    18.7921    11.5697
      77       10       15     0.3031    -0.0117     0.4870    -2.0952    -2.9618    -2.1747  1  3    18.1181    12.2244
      78       10       15    -0.6384    -0.2368    -0.0829     7.5981     8.1835    -3.3831  1  3    18.7920    11.7678
      79       10       15     0.2097     0.0633    -0.0143   -15.1519   -13.2698     2.1547  1  3    20.2457    11.7987
      80       10       15     0.4083    -0.0879     0.5772     3.2613     0.4663    -0.7190  1  3    18.1777    11.9758
      81       10       15     0.3324    -0.0668     0.4761   -11.3253    -9.7431    -5.3437  1  3    17.6295    12.3064
      82       10       15    -0.3547    -0.2083     0.3114    -4.7092     6.2657    -3.8585  1  3    18.3016    12.4371
      83       10       15    -0.6219    -0.0661    -0.1255     7.8626     1.9247     1.1724  1  3    18.2984    11.6024
      84       10       15    -0.2702    -0.1344     0.4404     3.1434   -12.2328    -2.6353  1  3    18.3268    12.3341
      85       10       15     0.7836    -0.0760    -0.4826   -15.6609    -3.6768    -3.9502  1  3    19.5429    12.5154
      86       10       15    -0.0021    -0.0862     0.5114    15.5106   -14.9441    -0.5500  1  3    18.4178    11.5334
      87       10       15    -0.3141    -0.0515    -0.5625   -16.2274    -1.7857    -2.6431  1  3    19.5963    12.2502
      88       10       15    -0.0895    -0.0101    -0.5077   -10.8638    -6.9226    -0.0723  1  3    17.9573    12.1543
      89       10       15     0.5929     0.0217     0.5320    -6.3154   -17.4444    -1.0254  1  3    18.3727    12.1053
      90       10       15    -0.5354    -0.0571     0.1050     2.3451     3.0373     5.2033  1  3    19.0270    12.1741
      91       10       15    -0.6417    -0.2704    -0.6062   -16.0140    -0.2099    -4.0984  1  3    18.6662    11.7508
      92       10       15     0.3659    -0.0643     0.2815    -7.2198     3.9572    -2.6907  1  3    18.3813    12.1215
      93       10       15    -0.2099    -0.1559    -0.1855   -11.3740    -1.4870    -1.1268  1  3    20.2826    12.5910
      94       10       15    -0.1963    -0.1892     0.2433    -9.4737     0.3344    -1.4546  1  3    18.6411    12.3271
      95       10       15    -0.3848    -0.1723     0.1476    -4.8170     3.6328     0.3805  1  3    18.9127    12.0742
      96       10       15     0.0446     0.0162    -0.3918    -7.8360    -7.7448     1.8601  1  3    19.0130    12.5491
      97       10       15     0.1694     0.0493    -0.1263    -7.4018    -9.7654    -1.2702  1  3    18.5870    12.6667
      98       10       15    -0.0734     0.1420     0.0503    11.6299   -11.1097     0.5842  1  3    18.8995    12.2817
      99       10       15    -0.4958    -0.1002     0.2112     6.0704     0.5943    -2.3451  1  3    18.7552    12.6062
     100       10       15     0.0205    -0.0253    -0.0529    -6.6364    -6.0726     1.5786  1  3    19.3861    11.8440
     101       10       15    -0.0371    -0.3115     0.8534     8.3982     7.2130     2.4675  1  3    19.1171    11.9707
     102       10       15     0.2867    -0.1709     0.0968    -5.1465   -16.8069    -5.9157  1  3    17.4531    12.4804
     103       10       15     0.4413     0.1331     0.1381     3.6889    -9.5733     1.0523  1  3    18.0167    12.2400
     104       10       15    -0.3328    -0.1092     0.2323   -11.1213   -12.1266    -1.4621  1  3    19.7302    12.8611
     105       10       15     0.4242    -0.0380     0.3938    -8.8197   -14.4678    -0.4759  1  3    18.1808    12.4123
     106       10       15    -0.4173    -0.1232     0.1528   -11.5988    -0.9361     0.5752  1  3    19.8100    11.7685
     107       10       15    -0.0816     0.0618    -0.2273   -19.6969    -9.2039    -5.8539  1  3    19.8118    12.1816
     108       10       15     0.1094    -0.0524     0.5219    -2.1337   -10.4416    -1.3865  1  3    19.0704    12.1604
     109       10       15    -0.6917    -0.1666    -0.0553    12.5395    -6.5673    -2.0812  1  3    18.5018    11.7578
     110       10       15     0.0861     0.1333     0.3164     0.5209     0.0456     3.9353  1  3    18.8153    12.7140
     111       10       15    -0.0660    -0.1190     0.0460   -11.9042   -10.0935    -0.7301  1  3    18.6645    11.6258
     112       10       15     0.5235     0.0127     0.2534     0.8310    -1.2571    -5.4097  1  3    19.2879    12.2171
     113       10       15     0.0375    -0.0060    -0.6942   -15.0479    -0.7848     0.0110  1  3    19.6897    11.8227
     114       10       15    -0.1220    -0.0997    -0.2516   -11.9255   -15.0993     1.1103  1  3    20.2006    11.8968
     115       10       15    -0.1406     0.0207     0.1954    -7.8038    -2.8839    -5.0213  1  3    19.8995    12.2631
     116       10       15    -0.0522     0.0157    -0.1790    -2.8414   -17.1102     4.9282  1  3    19.7616    12.7762
     117       10       15    -0.1169     0.1289     0.1458     6.0514     3.6384    -1.3158  1  3    19.1161    12.3039
     118       10       15     0.1350    -0.0505    -0.2898   -16.7603    -5.7668    -1.1337  1  3    18.2031    11.9538
     119       10       15    -0.3073    -0.1866    -0.1052     2.9926    -2.6443    -1.3312  1  3    19.1449    13.0846
     120       10       15    -0.1233    -0.1746    -0.3697     0.1499    -9.8500    -0.1223  1  3    18.5825    12.1122
     121       10       15    -0.1906     0.0616     0.1137     5.2591     0.8962    -3.5015  1  3    20.3305    11.4431
     122       10       15    -0.3973    -0.0165    -0.0253    -0.8216   -14.5626    -2.5866  1  3    19.4662    12.5607
     123       10       15    -0.4742    -0.1098     1.0080    20.1924    -7.8632    -3.5926  1  3    19.7425    12.6677
     124       10       15    -0.5530    -0.1062    -0.4247   -29.6700    -6.9000     1.8829  1  3    19.8104    12.3003
     125       10       15    -0.2846    -0.0108     0.1163     1.5686    -3.3562    -2.5145  1  3    18.5367    11.8385
     126       10       15    -0.1883    -0.0402    -0.5829   -20.4511     8.2122    -1.2658  1  3    19.9611    12.0492
     127       10       15    -0.0230    -0.0914    -0.0492    -1.5007   -10.9295    -1.6483  1  3    18.2677    12.2791
     128       10       15     0.0084     0.0539     0.4143    10.7952   -11.2122     0.5327  1  3    18.7111    12.1591
     129       10       15    -0.6515    -0.1131     0.5155    14.2014    -2.8376     2.7689  1  3    19.5680    12.1074
     130       10       15    -0.3162    -0.0505    -0.2992    -9.7489    -2.2973    -0.4464  1  3    19.1711    12.4782
     131       10       15     0.2436    -0.0789     0.2521    -0.2505    -6.4014     2.1682  1  3    17.7332    12.0677
     132       10       15    -0.1384    -0.1330    -0.8181    -8.8084    -3.7570     0.9644  1  3    19.9634    12.2090
     133       10       15     0.3000     0.0043    -0.0609   -10.2907     8.8890    -1.2531  1  3    19.9137    12.0736
     134       10       15     0.2593    -0.0192     0.3070    -8.7740    -6.6198    -0.9345  1  3    19.9006    12.0466
     135       10       15     0.3464    -0.0285     0.2938     4.8395   -14.7707    -3.0398  1  3    18.0723    12.1491
     136       10       15     0.2223    -0.1424    -0.7399     4.9589    16.0076    -3.3881  1  3    19.1506    12.0967
     137       10       15    -0.3260    -0.0137     0.1355     7.7263   -13.0126     3.8992  1  3    18.9295    12.2313
     138       10       15     0.0008    -0.1581    -0.5369     7.3349     0.8280    -0.8418  1  3    19.2140    11.5447
     139       10       15     0.0968    -0.1104     0.2517     3.6016   -14.7984    -5.0816  1  3    19.9562    11.8226
     140       10       15    -0.7905    -0.1342     0.0420    -9.9721    -4.4919     2.0108  1  3    20.7663    12.5067
     141       10       15     0.1159     0.0577     0.3395    -7.1446     5.7172     1.9719  1  3    19.1380    12.1243
     142       10       15    -0.1131    -0.0416     0.1159    12.5921   -12.4958    -1.2760  1  3    19.9712    12.2494
     143       10       15    -0.1087    -0.0778    -0.2902    -5.3549    -7.8962    -0.3875  1  3    19.9560    12.0954
     144       10       15    -0.3323     0.0863     0.0903    -8.7370   -10.9428     5.1366  1  3    19.3220    11.9878
     145       10       15     0.0083    -0.1805    -0.3906    -8.9501    -7.6720    -1.2180  1  3    19.1625    12.3967
     146       10       15    -0.3190    -0.1270    -0.4990    -9.4933    -9.5202     3.1924  1  3    18.6687    11.8105
     147       10       15    -0.3366    -0.0490     0.0912    -2.6709   -20.0941    -0.7636  1  3    19.7891    12.6585
     148       10       15    -0.2711    -0.2163     0.8515     3.2804     4.3394    -0.9854  1  3    19.0129    11.8002
     149       10       15    -0.2839    -0.0791     0.1634    -1.9490    -1.5223    -0.3495  1  3    19.4886    12.2964
     150       10       15    -0.4347    -0.1169    -0.0904     5.1990    11.2322    -3.0255  1  3    18.6030    11.9939
     151       10       15     0.2323     0.0257    -0.0413     5.0343     6.6086     2.1367  1  3    18.4533    12.1214
     152       10       15    -0.8575    -0.1726     0.0859     4.1943    -8.4396    -2.1043  1  3    19.6515    13.0974
     153       10       15    -0.2516    -0.0575     0.0599    12.5022     2.8278    -0.4404  1  3    18.9793    12.5574
     154       10       15     0.1010    -0.1507     0.3938    17.2411    -7.1635    -2.8161  1  3    18.2271    12.0809
     155       10       15    -0.4612    -0.1566     0.1586    -5.4684    -6.9123    -4.7370  1  3    18.7856    12.6734
     156       10       15    -0.2236    -0.2057     0.4692    -0.1044     1.1039    -0.2541  1  3    18.9056    12.5496
     157       10       15    -0.3324    -0.0907    -0.3015    -0.7784   -11.5096    -3.3610  1  3    20.2075    13.4250
     158       10       15    -0.4623    -0.1548    -0.3144     9.4413    -4.4566    -6.3610  1  3    18.9721    12.5193
     159       10       15     0.1099     0.0042     0.0788     0.8373    -4.6632    -0.7717  1  3    18.8994    12.5538
     160       10       15    -0.0579     0.0005     0.8243    16.2613   -11.8816    -1.1457  1  3    18.9200    11.9090
     161       10       15    -0.3408    -0.1395     0.2039     5.7275    -2.0812    -0.5690  1  3    18.7622    12.4233
     162       10       15    -0.1781    -0.0906    -0.2149    -5.4474     1.5830     2.8468  1  3    18.6559    11.8608
     163       10       15     0.2793     0.0022     0.3730     0.4831     3.8060     0.2960  1  3    18.0977    12.7165
     164       10       15    -0.1443    -0.1655     0.8789     7.2245     1.5729     0.2867  1  3    17.9307    12.1223
     165       10       15     0.6457    -0.0212     0.4077    20.5347    -4.7564    -5.8493  1  3    19.3323    12.6135
     166       10       15    -0.1029    -0.1388     0.3396    -1.2643    -9.0717    -0.2663  1  3    17.8747    12.0836
     167       10       15    -0.2247    -0.3236     0.8536    -2.0622    18.7922     4.4105  1  3    18.6404    11.7232
     168       10       15    -0.3617    -0.2663     0.9181     9.7279    -1.2487     2.4917  1  3    18.1035    11.7589
     169       10       15    -0.3183    -0.2728     1.0605     0.7509    -2.5671     0.0777  1  3    18.0483    11.9199
     170       10       15    -0.4611     0.0409    -0.4061    -6.3089    -1.4590     1.7655  1  3    18.9766    11.5142
     171       10       15    -0.1971    -0.0555     0.8508     2.1091     9.5942     2.4771  1  3    18.7873    12.5072
     172       10       15     0.0297    -0.1052     0.5678     3.2907     8.0211     2.6051  1  3    18.2930    11.7645
     173       10       15    -0.3679    -0.0083     0.3709    15.4854     9.3543    -2.9706  1  3    18.6936    11.7612
     174       10       15     0.0125    -0.1251    -0.0573    -8.3437    -3.8936    -1.7781  1  3    19.1742    12.2362
     175       10       15     0.2547    -0.0670    -0.4098   -22.5303   -11.7316    -1.5150  1  3    20.1180    11.8570
     176       10       15     0.2563    -0.2620     0.4342    -6.1743     3.8053    -0.3106  1  3    17.7530    11.7477
     177       10       15    -0.1382    -0.0802    -0.2805    -9.0830    -1.6421    -0.0421  1  3    19.8085    12.0705
     178       10       15    -0.2320    -0.1189     0.5132    -2.6456   -20.8140     0.1808  1  3    18.0501    12.7774
     179       10       15    -0.2212     0.0101    -0.4071     7.3275     5.3926     0.6896  1  3    21.0965    12.5877
     180       10       15    -0.7735    -0.0930     0.2621     4.7991    -0.2428     2.7401  1  3    18.2107    12.7559
     181       10       15    -0.3101     0.0892    -0.2234    -2.5036   -11.4554    -0.3817  1  3    18.8169    12.4239
     182       10       15    -0.2787    -0.0407    -0.2478   -12.9203     1.7219     1.9265  1  3    19.4873    11.9089
     183       10       15    -0.6642    -0.2897     0.1312   -16.9150     6.9196     1.3150  1  3    20.4344    12.0972
     184       10       15    -0.3021    -0.1949    -0.4696    -5.2550    -2.5781    -0.8823  1  3    19.5023    11.5737
     185       10       15    -0.3353    -0.2176     0.3834     9.7529     3.8197    -1.3900  1  3    19.9773    11.9458
     186       10       15     0.5606    -0.0648     0.4435     4.2593   -10.0824    -0.9046  1  3    19.3436    12.0525
     187       10       15    -0.0492    -0.0453     0.8140     8.1080     7.7950     1.2793  1  3    19.6624    11.5536
     188       10       15    -0.0093    -0.0490     0.2546     2.7168    -2.1152    -3.8530  1  3    19.8360    12.1508
     189       10       15    -0.5476    -0.1076    -0.9132   -34.9372    -9.6627    -0.2850  1  3    19.2183    11.8752
     190       10       15    -0.5703    -0.1873     0.0638   -13.6924     0.0732    -2.3282  1  3    17.9604    12.2375
     191       10       15     0.1379     0.0057    -0.0334    -8.8322     0.1895    -3.4723  1  3    19.2764    12.0463
     192       10       15     0.1517     0.2467    -0.0259   -22.2387    -4.9739    -0.3559  1  3    20.0558    12.3549
     193       10       15     0.0688    -0.1953     0.3833   -13.5388    -4.2475    -5.7811  1  3    19.3013    12.5522
     194       10       15    -0.1864    -0.0644     0.1119    -3.6328     2.1391    -1.7992  1  3    18.0496    12.4035
     195       10       15    -0.2167    -0.0793     0.3845    -7.4195     1.6182     0.4371  1  3    19.7415    11.6156
     196       10       15    -0.0218    -0.0725     0.0592     1.8682     8.3475    -4.3208  1  3    18.2217    12.5127
     197       10       15    -0.2325     0.0241     0.2975    15.8720    11.0583     4.5339  1  3    18.9268    11.4786
     198       10       15     0.2054    -0.1039     0.0433    -4.1880     9.9327    -2.1081  1  3    20.3286    12.2682
     199       10       15    -0.2011    -0.3336    -0.5638    11.0292    17.4348    -5.6360  1  3    20.3208    11.8954
     200       10       15    -0.5198    -0.0438    -0.2011    -5.8049     9.2235     3.2614  1  3    19.2866    11.5970
     201       10       15    -0.4035    -0.1281     0.1780    -7.3166     5.4235     1.8610  1  3    19.9512    12.3984
     202       10       15    -0.2153    -0.1924    -0.2139    -2.0266    -3.2146    -2.8191  1  3    20.1581    12.1004
     203       10       15     0.2786    -0.0389    -0.0644     1.1672     0.2138     0.1360  1  3    19.8051    11.6057
     204       10       15     0.1067     0.0475     0.1821     4.2735    -5.5286    -0.2321  1  3    19.9433    13.4142
     205       10       15     0.3230    -0.1132    -0.1359    -7.6155     9.8484    -3.7943  1  3    19.4077    11.8233
     206       10       15    -0.4972    -0.0774    -0.2001     1.7489     1.0487    -1.2058  1  3    18.8597    11.6436
     207       10       15     0.1686     0.0242    -0.2154    -7.8210    -0.0397     1.3664  1  3    20.7155    12.3102
     208       10       15    -0.1400     0.1481    -0.0001    -8.3635    -4.9280     3.7747  1  3    17.6052    11.8411
     209       10       15    -0.5493    -0.2499     0.4732    -6.1686     3.8980    -0.7500  1  3    18.3842    12.0450
     210       10       15     0.1914     0.0049     0.0410     6.5629   -10.3103    -0.0044  1  3    18.9686    12.4819
     211       10       15     0.0231     0.0633     0.3076    12.6296     1.9550    -0.6288  1  3    19.2653    12.4642
     212       10       15    -0.3971    -0.0446     0.1479    -0.2333     2.0474     2.7405  1  3    20.1454    11.6867
     213       10       15    -0.2616    -0.1775    -0.7140    -8.0925     2.2559    -5.0229  1  3    18.6408    11.8045
     214       10       15    -0.4248    -0.0796     0.6024    -2.6758     6.7987     3.7461  1  3    18.3264    12.1521
     215       10       15     0.5486    -0.1420     0.0604    -9.0142   -15.4754    -5.5571  1  3    18.2672    13.0019
     216       10       15     0.0612    -0.0783     0.1985   -21.3751     5.3879    -1.3650  1  3    18.1155    12.2459
     217       10       15    -0.6088     0.0156    -0.1465     6.5367     6.3993     0.9788  1  3    18.4003    11.9371
     218       10       15    -0.4153    -0.2554     0.7771    -1.8333    -6.1298    -2.1328  1  3    19.4465    11.7071
     219       10       15    -0.2616    -0.0978    -0.5359    -4.7705     4.1029    -0.7512  1  3    19.8021    12.0638
     220       10       15    -0.0583    -0.1914     0.7766    14.7464    -4.6169    -6.8533  1  3    19.6263    12.2195
     221       10       15     0.1147     0.0280    -0.2170     4.1422     9.5733    -0.5565  1  3    19.5950    11.8011
     222       10       15    -0.2555    -0.0389     0.2843     6.7370     4.0980    -1.9596  1  3    19.3301    12.4299
     223       10       15    -0.6088    -0.0405     0.0518    17.3104     5.7132     2.2886  1  3    18.8926    11.5052
     224       10       15     0.1233    -0.0331     0.6272     9.1630    11.8862     3.7191  1  3    19.9892    11.8366
     225       10       15    -0.2649    -0.1876     0.4077     0.6514   -11.5161    -7.4945  1  3    18.9634    12.5018
     226       10       15    -0.2639     0.0382     0.0900    -1.1757    -0.4763     3.9842  1  3    19.0048    12.2827
     227       10       15    -0.7075    -0.0870     0.1450     0.0010     8.1143     2.0009  1  3    18.8398    11.8771
     228       10       15    -0.2942    -0.1300     0.0192    -0.6631    14.6433    -1.9257  1  3    20.9614    12.7083
     229       10       15    -0.9113    -0.1247     0.6952    10.1992     6.4278     7.8705  1  3    20.0396    11.8297
     230       10       15    -0.1827     0.0231     0.0468    -1.7461    -7.0873     1.0383  1  3    18.3698    11.9709
     231       10       15     0.1664     0.1047     0.2044    -5.3246   -11.8048     1.3786  1  3    19.0523    12.3062
     232       10       15     0.1114    -0.0126    -0.1157    -0.0318   -15.0894     2.9081  1  3    20.3760    12.0796
     233       10       15    -0.1031     0.1863     0.7820     6.9985   -10.5651     4.7776  1  3    20.1980    12.2500
     234       10       15     0.2449    -0.1921     0.2144    -2.1428    19.1340     0.5709  1  3    18.9136    11.8898
     235       10       15    -0.1159    -0.2871     0.4113    -0.3353    -3.7280    -2.3660  1  3    20.2729    11.9176
     236       10       15    -0.2651    -0.1671     0.3592     3.1291    -9.2148     0.2411  1  3    19.6377    11.9230
     237       10       15     0.2666    -0.0110     0.2413   -13.1081    -2.7696    -0.9965  1  3    19.7301    11.3770
     238       10       15     0.0099    -0.1228     0.4912    -6.3246    -1.8824    -0.5895  1  3    19.6119    11.4335
     239       10       15     0.0734    -0.0773     0.0381     0.8322     2.0297     1.5630  1  3    19.4489    11.6114
     240       10       15     0.1345     0.2462     0.3476    -6.0479     3.6479    -4.2238  1  3    18.5141    12.3521
     241       10       15     0.0723    -0.0408     0.0230    -2.5674     3.4799    -3.9924  1  3    18.7366    11.7207
     242       10       15     0.0958    -0.0112     0.3447    13.1880     5.4674    -0.8446  1  3    18.7172    11.7551
     243       10       15     0.0745     0.1294     0.5149     7.5388   -22.7509     5.4796  1  3    20.4914    12.7449
     244       10       15    -0.3537    -0.0456     0.2233    -0.3675   -18.6765    -0.3855  1  3    19.7825    12.2732
     245       10       15     0.1349    -0.0383    -0.1187    -8.5013     1.0676    -2.2758  1  3    20.1435    12.1958
     246       10       15    -0.2600    -0.1080     0.1248     3.1014     3.4627    -2.7862  1  3    18.5653    11.9332
     247       10       15     0.1720    -0.0972     0.0433   -10.0352    -4.5877    -0.9892  1  3    18.5304    11.4836
     248       10       15     0.2380    -0.0233     0.8796    30.8748    -2.1063    -5.5478  1  3    18.8520    12.4577
     249       10       15     0.1299     0.1603    -0.6414   -19.9853     6.7536     0.0362  1  3    19.0442    11.7931
     250       10       15    -0.4779    -0.1011    -0.0348   -12.5743    -2.9382     1.4653  1  3    18.5030    11.8274
     251       10       15    -0.3581    -0.1149     0.3195    -5.7819    -7.6694    -2.6560  1  3    18.9775    12.2133
     252       10       15    -0.3844    -0.1878    -0.2545   -12.5808     2.7179    -5.9119  1  3    19.4764    12.4508
     253       10       15    -0.9780    -0.1986    -0.9093    -7.1649    17.7363     2.5245  1  3    19.7826    11.7864
     254       10       15    -0.4361    -0.1903     0.4495     7.5982     0.0684    -1.5768  1  3    19.8453    11.8100
     255       10       15    -0.0881    -0.1791     0.7209    14.7462     9.3944    -5.2065  1  3    19.2141    12.4767
     256       10       15     0.0110    -0.0702     0.1218   -14.7892     5.5586    -8.3226  1  3    20.0272    11.6954
     257       10       15    -0.2889    -0.1246     0.2598   -12.3412    -6.2910    -4.7149  1  3    19.1709    12.1145
     258       10       15    -0.2827     0.0051    -0.2315   -22.9689     3.5288     2.4595  1  3    19.1716    11.5071
     259       10       15     0.0950     0.0035     0.1795    -8.0482     4.9103    -2.1787  1  3    19.4785    12.2747
     260       10       15     0.5243    -0.1203     0.4493    -5.3608   -10.3864    -3.3489  1  3    20.4241    12.9155
     261       10       15    -0.3941    -0.0998    -0.0584   -13.0652   -10.8891    -3.2222  1  3    19.6506    12.4289
     262       10       15    -0.2121    -0.0775    -0.3675     1.3825    -1.6170    -0.3556  1  3    19.9339    11.7954
     263       10       15     0.3426    -0.0225     0.1812     5.8399   -11.2624     1.8508  1  3    20.0859    13.1059
     264       10       15    -0.2149    -0.1994     0.3617    -1.4989    -3.1994    -2.7676  1  3    19.1486    12.2929
     265       10       15    -0.0103     0.1805    -0.6781   -26.8162     7.3540     1.3520  1  3    18.3576    11.5673
     266       10       15     0.0485     0.1582    -0.2814   -20.8625    -2.0789    -2.8396  1  3    18.9583    11.4550
     267       10       15    -0.5286    -0.1516     0.5815     6.0252     1.7772    -0.9897  1  3    18.9933    12.0672
     268       10       15    -0.5508    -0.1821     0.0294    -7.6454   -11.7357    -0.5717  1  3    18.8519    12.6348
     269       10       15    -0.5128    -0.2735     0.1982     5.5920     5.1256    -2.3123  1  3    19.6605    11.6736
     270       10       15     0.2093    -0.1943     0.9776    -1.1855     2.7660    -5.1100  1  3    19.2518    12.4377
     271       10       15    -0.1810    -0.1617     0.2663     5.1349   -12.9751    -3.3393  1  3    18.1856    12.3352
     272       10       15    -0.2919    -0.1736     0.8400    -0.4728   -14.5789    -0.4715  1  3    18.0930    12.1187
     273       10       15     0.2130    -0.0309     0.1719   -13.9531    -6.2232    -2.5268  1  3    18.5895    12.9046
     274       10       15     0.0386    -0.1755     0.4682   -14.8172     5.1734    -3.3110  1  3    18.2471    12.4212
     275       10       15     0.1735     0.0785    -0.4073   -31.2384   -25.2945    -3.6735  1  3    18.7935    12.7416
     276       10       15    -0.5443    -0.0676     0.0951     1.3783    -5.9932    -3.3555  1  3    19.2500    12.9250
     277       10       15    -0.2260    -0.0185     0.4317     7.7921     0.8945     1.1640  1  3    19.4675    12.7137
     278       10       15    -0.0143    -0.0030     0.3187    -6.1683     8.3123    -0.6035  1  3    19.0072    12.4917
     279       10       15    -0.0973    -0.1422     0.3964     3.3036     6.8897     1.1599  1  3    18.7677    12.3025
     280       10       15     0.0609    -0.0180    -0.5831    -6.7191     0.0784    -4.8742  1  3    19.3783    12.5517
     281       10       15    -0.9048    -0.3218     0.3584     3.3604    -6.8854    -0.7570  1  3    18.7822    13.0037
     282       10       15    -0.1498    -0.1041     0.1346    -7.7293     6.3159     3.3418  1  3    18.8742    12.6011
     283       10       15    -0.3931    -0.1230     0.5322    -2.3942   -12.0141    -0.5202  1  3    19.7555    12.3209
     284       10       15     0.0034    -0.0934     0.2174     2.8270    -9.0096     1.8803  1  3    16.8074    11.8595
     285       10       15    -0.1759    -0.0645     0.2003     6.3340    -6.6960    -0.2562  1  3    18.6096    12.2851
     286       10       15     0.2813    -0.1203     0.2715    13.9535     1.7061    -5.2915  1  3    19.1223    12.5012
     287       10       15     0.1019    -0.0793     0.3919    -0.0897   -12.5880    -1.7668  1  3    18.9500    12.3446
     288       10       15    -0.4968    -0.1688     0.8545     0.9476    -5.9993     1.5571  1  3    18.3414    12.0502
     289       10       15    -0.2495    -0.0105     0.7427    10.4294     8.3035     5.9242  1  3    18.5221    11.4804
     290       10       15    -0.0276    -0.0848     0.3089   -10.5659   -14.2349    -2.4354  1  3    18.6360    12.7556
     291       10       15     0.2111     0.1516    -0.1763    -8.8266    -1.0154    -1.1991  1  3    18.1523    12.9060
     292       10       15    -0.2428    -0.0811     0.4405     0.6118     2.0974     2.0226  1  3    18.4185    12.4826
     293       10       15    -0.2377    -0.1099     0.7073    -2.6182    -2.2721     0.7945  1  3    18.8358    12.3512
     294       10       15    -0.0648     0.0136    -0.3776    -1.1259    11.0072     0.7324  1  3    19.8087    11.8011
     295       10       15     0.0279     0.0850    -0.3807   -12.1669     1.1173    -2.4840  1  3    19.1948    12.2208
     296       10       15    -0.0151    -0.0289     0.2672    -4.6921     4.3340    -2.1100  1  3    18.9861    12.1509
     297       10       15    -0.0529    -0.2406     0.9508     1.6342   -17.0476    -4.6574  1  3    19.1258    12.3779
     298       10       15    -0.3398    -0.0507     0.3493     4.1318   -10.7847     1.3396  1  3    18.6177    12.5259
     299       10       15    -0.4785    -0.4541     1.1679    -3.5113    -2.5184    -4.5749  1  3    17.9329    12.4531
     300       10       15     0.2598    -0.0494     0.8501     0.7740   -10.0988    -5.1372  1  3    17.8789    12.5535
     301       10       15     0.1386    -0.0559     0.3162    -4.4962    -7.8119    -1.2951  1  3    18.4135    12.3434
     302       10       15    -0.2047    -0.1298    -0.3106    -3.8113    -2.6193    -2.2697  1  3    18.7234    12.3737
     303       10       15     0.3399     0.0174     0.2577    -7.5212   -19.1257    -1.1052  1  3    19.3588    12.7871
     304       10       15     0.0927     0.0056    -0.0182    -1.7159   -10.8784    -1.3133  1  3    18.9342    12.1616
     305       10       15    -0.3043    -0.1333     0.3455     8.6535   -18.3122    -2.0699  1  3    19.9079    12.3884
     306       10       15     0.4952     0.0115     0.0596   -12.5704   -12.9897    -5.6437  1  3    18.8650    12.2804
     307       10       15    -0.0693     0.0833    -0.0498     0.2098     8.9063     0.9560  1  3    19.4879    11.5817
     308       10       15    -0.0127     0.0359     0.0678    11.6289    10.1128     2.5291  1  3    18.4233    11.4984
     309       10       15    -0.0100    -0.0671    -0.0105    -6.2814    -9.3661    -2.6999  1  3    18.7296    12.8623
     310       10       15    -0.0968    -0.0182     0.2253    14.8686    -7.6914     1.2539  1  3    18.0543    11.6691
     311       10       15    -0.2191    -0.1947    -0.6803   -17.4697    -3.6121    -5.4131  1  3    18.7175    12.1273
     312       10       15    -0.4447    -0.1185     0.7383    13.3682     6.3979     4.8601  1  3    19.3667    12.3514
     313       10       15     0.1168    -0.0890     0.0277    -3.3417     3.7087    -5.4293  1  3    19.5508    12.5102
     314       10       15    -0.6222    -0.2318    -0.5654    -4.8704    -2.3365    -0.0619  1  3    19.2848    12.1738
     315       10       15     0.3647     0.0291    -0.1074    -3.8194    -5.5247    -0.7479  1  3    19.3105    12.1467
     316       10       15    -0.1818    -0.2303     0.6680     3.2327     7.0124    -3.2237  1  3    18.7768    12.4308
     317       10       15     0.4178    -0.0535    -0.4693   -15.6302    -1.1941    -6.0519  1  3    18.7421    13.0945
     318       10       15    -0.0465     0.0399    -0.0216     0.8001   -12.3510    -0.2084  1  3    19.3412    12.9727
     319       10       15    -0.0816     0.1830     0.0627    -2.6722    -4.8446     6.4829  1  3    18.7889    12.0642
     320       10       15    -0.5740    -0.1207     0.1540    -8.3537    -0.0604     2.2281  1  3    18.8396    11.5760
     321       10       15    -0.1216    -0.0815     0.2346   -17.9851     1.7890     0.0829  1  3    20.7125    12.3904
     322       10       15     0.2961    -0.1151     0.4737    -2.8805    -7.7472    -1.3806  1  3    19.8849    12.9338
     323       10       15     1.0125     0.1143    -0.1880    -3.4604     0.4498     0.2443  1  3    19.1313    11.6722
     324       10       15     0.0664    -0.2122    -0.6436   -12.5905    -3.0536    -3.3407  1  3    19.5574    11.6256
     325       10       15     0.0854     0.0397    -0.3401   -17.0895    -6.8031     2.8691  1  3    20.0354    11.8698
     326       10       15     0.1732    -0.0911     0.1966    -3.3139    -2.6652    -6.2710  1  3    19.8940    12.1658
     327       10       15    -0.6754    -0.1804     0.0255    -6.5681    -5.4699     1.8327  1  3    19.3412    11.8884
     328       10       15    -0.2246    -0.1748     0.2435   -10.9646   -11.3276    -3.7055  1  3    17.6109    12.4315
     329       10       15     0.1869    -0.0074    -0.3249   -18.8641     9.0117    -5.4082  1  3    19.2726    12.2243
     330       10       15    -0.2256    -0.0049     0.0710     1.2872   -23.1187    -0.6768  1  3    18.9590    12.6844
     331       10       15    -0.9303    -0.2823     0.3989     8.4657    -6.8969     1.3674  1  3    18.9268    11.9802
     332       10       15    -0.5913    -0.1529    -0.0244   -13.2849     0.1149    -1.5871  1  3    19.4047    11.9650
     333       10       15    -0.3009     0.0001     0.5949    -4.8501   -17.6710    -2.1198  1  3    20.1267    11.6225
     334       10       15     0.2684    -0.1561     0.5096    -9.6401    -4.0862    -3.3047  1  3    18.9865    12.5544
     335       10       15     0.0641    -0.1322     0.1930    -0.7527    -8.9110    -0.0776  1  3    19.4322    12.4000
     336       10       15    -0.3775    -0.1169     0.4676     9.5430    -4.2657    -1.6453  1  3    18.7364    12.1651
     337       10       15    -0.3050    -0.1372     0.3547     3.4893    -1.3892    -2.4120  1  3    19.2105    12.7482
     338       10       15    -0.4461    -0.1639     0.2646    -0.0037   -11.3829    -2.5501  1  3    18.8119    12.6997
     339       10       15    -0.1456    -0.0139     0.2161    -7.0554     9.1214     0.4596  1  3    18.1163    11.9433
     340       10       15     0.1930    -0.1681    -0.1035     0.0893    -6.1756    -1.5807  1  3    18.5002    11.8664
     341       10       15    -0.1664    -0.1462     0.2343    -8.4568   -12.9653    -0.4928  1  3    18.6459    12.0895
     342       10       15     0.0256    -0.0612    -0.1038    -5.9747    -2.8047    -5.1568  1  3    18.9994    12.3406
     343       10       15    -0.0834    -0.2111     0.3237   -12.0085   -19.2820    -3.5193  1  3    17.7685    12.6043
     344       10       15    -0.4228    -0.1038     0.3563     8.6952    -8.1088     3.0971  1  3    18.9138    11.5380
     345       10       15    -0.1293    -0.1606     0.3724     0.5688     0.4812    -5.1565  1  3    19.8720    11.9261
     346       10       15     0.0001    -0.1434     0.1287    -9.1998     0.8767    -2.8157  1  3    19.6036    11.6022
     347       10       15    -0.3183     0.0428    -0.2095    -6.6561    -7.3963     1.5400  1  3    19.9758    11.7952
     348       10       15    -0.1972     0.0474    -0.2152    -5.8104    -7.9907    -1.9703  1  3    19.0171    12.5306
     349       10       15    -0.2046    -0.1984    -0.2661   -10.5430     2.3640     1.4657  1  3    19.5593    11.5052
     350       10       15    -0.2116    -0.0653    -0.3906   -11.1459     4.6609    -1.0465  1  3    19.3897    12.6398
     351       10       15     0.3533    -0.0930     0.2308     3.7554   -23.9948    -0.8572  1  3    20.9538    12.5341
     352       10       15    -0.5124    -0.0667     0.5399   -17.3947    -4.0197    -5.5673  1  3    19.3794    12.6157
     353       10       15     0.0330     0.0510    -0.2522    -3.9253    -7.4881    -2.0702  1  3    18.1268    12.4128
     354       10       15    -0.1977    -0.1680    -0.7336   -10.3572    -2.7825     0.5425  1  3    18.4779    12.5050
     355       10       15    -0.1089    -0.1840     0.0096    -1.5535   -16.1042    -0.3064  1  3    17.6772    12.5231
     356       10       15    -0.0630     0.0276     0.2086     9.7292    12.2655    -0.5464  1  3    18.5616    11.8714
     357       10       15    -0.3848     0.0239    -0.1446   -16.0432    -2.0130    -2.4682  1  3    18.9841    12.1607
     358       10       15     0.0214    -0.1019     0.1837    -8.0836    -8.0707    -3.7202  1  3    18.1750    12.6835
     359       10       15    -0.2984    -0.0016     0.4837   -10.9244   -10.1435    -2.4374  1  3    19.0425    12.0861
     360       10       15     0.4008    -0.0700     0.4795   -10.1559    -2.3370     2.1264  1  3    18.0797    11.9953
     361       10       15     0.4624     0.1448    -0.5297   -19.3229    -3.8608    -2.6476  1  3    19.0471    12.3768
     362       10       15     0.1656    -0.0370     0.5513    -4.8521     1.3736    -2.3704  1  3    18.6869    12.6484
     363       10       15    -0.1611    -0.0682     0.2980    -0.8854     3.5775     2.3722  1  3    19.6714    12.4545
     364       10       15    -0.2388     0.0840    -0.4044   -11.2083    -1.5206     3.6959  1  3    18.5763    11.7811
     365       10       15     0.3298    -0.1586     0.3973    -6.0405   -13.8670    -3.7788  1  3    19.6057    11.8687
     366       10       15    -0.3503    -0.0322     0.0365     1.1171     5.3934    -1.3743  1  3    20.0421    11.9476
     367       10       15     0.4271     0.0609     0.0161    -7.8697   -10.8711    -0.0996  1  3    20.6674    12.2302
     368       10       15    -0.2559     0.0092    -0.4974    -4.9327     5.3836     0.0366  1  3    20.3391    11.8206
     369       10       15     0.8706     0.0486     0.2569     6.2287   -13.2203    -1.3360  1  3    20.1617    12.5169
     370       10       15     0.0966    -0.0010    -0.1179   -19.8781    -6.5224    -2.2165  1  3    19.8946    12.3245
     371       10       15    -0.5300    -0.1191     0.4224    11.2750    -2.4007     1.9532  1  3    18.0321    11.7734
     372       10       15    -0.2962    -0.1232     0.0701   -14.4949    -8.7598    -2.2585  1  3    19.6166    11.7558
     373       10       15    -0.2986    -0.1650    -0.5821    -2.4177    -2.9481     0.0687  1  3    18.7731    11.8942
     374       10       15    -0.5902    -0.1139    -0.2187    -1.4405   -14.8380     4.2665  1  3    19.2469    12.5342
     375       10       15    -0.2270    -0.0843    -0.3458    -9.0570   -15.0836    -1.2240  1  3    19.1302    12.2575
     376       10       15     0.0107    -0.0364     0.2496   -14.4704     6.2467     3.8524  1  3    19.0919    12.0345
     377       10       15    -0.0477     0.0214    -0.0530    -4.3183    -1.0853     0.7048  1  3    19.1900    11.7750
     378       10       15    -0.1703     0.0108    -0.3064    -6.0105    -0.4004    -2.0154  1  3    19.7772    12.2984
     379       10       15    -0.2612    -0.1630    -0.2082   -13.8744    -4.8896     0.3744  1  3    18.5907    11.8120
     380       10       15    -0.2651    -0.1209    -0.2148    -0.4974    -3.4217    -2.7337  1  3    20.8963    12.3079
     381       10       15     0.0238    -0.0985    -0.2326    -0.6272     4.4460     0.8130  1  3    20.1769    11.7319
     382       10       15     0.6153    -0.1164     0.1934    -1.9454    -4.6719     0.2980  1  3    18.5483    12.0735
     383       10       15    -0.1466    -0.0831     0.1381    -0.2123     5.3489     0.5315  1  3    20.1810    12.0820
     384       10       15    -0.1302    -0.0313    -0.5171    -7.7174     4.6549     0.1716  1  3    20.1094    12.0577
     385       10       15    -0.5409    -0.0716    -0.0358   -12.8425    -9.9291     0.7035  1  3    19.0449    11.9822
     386       10       15    -0.4716    -0.0403    -0.6839    -5.9495     2.1457     3.2861  1  3    18.7418    12.2718
     387       10       15    -0.1124    -0.2091     0.0189    -0.1694     1.9974    -2.8956  1  3    19.3726    11.4811
     388       10       15    -0.1043    -0.0557    -0.1814     4.5968     6.4462     1.9601  1  3    20.5648    12.4206
     389       10       15    -0.0064     0.1199    -0.2101    -8.7763     2.3058     1.5159  1  3    20.5316    12.0371
     390       10       15     0.1501    -0.0628     0.1980    -1.0851    -1.4568    -1.1890  1  3    20.2262    11.7980
     391       10       15     0.1934     0.0491     0.1063    -0.4965    -4.0354    -2.4043  1  3    20.6775    12.4040
     392       10       15    -0.5480    -0.3209     0.2045   -14.6778     1.6099    -2.9976  1  3    18.8846    11.4989
     393       10       15     0.0917     0.0043    -0.3510   -15.2151     2.6770     1.3267  1  3    19.3814    11.5836
     394       10       15     0.1841     0.0704     0.1927    -7.8773    -2.1245    -4.3506  1  3    18.4603    12.7035
     395       10       15    -0.0120    -0.0972    -0.1537    -5.5292     5.7259    -5.8024  1  3    19.0607    12.3032
     396       10       15    -0.0770     0.0309     0.2236   -25.7995   -11.5893     1.5717  1  3    19.3146    12.0810
     397       10       15    -0.4594    -0.0170     0.0347    -3.9605   -10.5039     3.1426  1  3    19.6640    11.4250
     398       10       15    -0.0275     0.0467     0.9231    17.7815     8.8472    -1.5553  1  3    19.7752    12.3070
     399       10       15    -0.4625    -0.0432    -0.3421    -8.0407    -8.7241     1.9340  1  3    19.4868    11.7762
     400       10       15     0.0931    -0.0457     0.1086     0.1704   -15.4565    -0.2233  1  3    17.8168    12.2394
     401       10       15     0.0090    -0.0683     0.2598     2.2282   -18.0736    -1.9616  1  3    17.6255    12.4955
     402       10       15    -0.1144    -0.0100    -0.1513   -10.0605    -9.8888    -1.5573  1  3    19.8861    12.0700
     403       10       15     0.0221    -0.1268     0.8657    -3.3508   -12.9761     1.8285  1  3    19.1919    12.4364
     404       10       15    -0.1797    -0.0666    -0.1095     9.9760    -7.2238    -0.0020  1  3    20.0735    11.8524
     405       10       15    -0.1813    -0.1333     0.1042    -6.0875     4.5603    -1.3211  1  3    18.9225    11.4254
     406       10       15    -0.3214    -0.0864    -0.1063    -8.1135     2.6127     2.2172  1  3    19.0644    11.4621
     407       10       15     0.2197    -0.0425     0.2083    -2.9590   -13.5281     0.0674  1  3    19.7776    12.1645
     408       10       15    -0.3915    -0.1919     0.2957    -4.3477    -3.0424    -2.4973  1  3    19.0324    12.5637
     409       10       15     0.0295     0.0186     0.3111     3.6344    -7.0789     1.5094  1  3    18.8487    12.7719
     410       10       15     0.2806     0.0977    -0.1021    -3.5544   -10.2102     1.1182  1  3    19.3265    13.0532
     411       10       15     0.2610     0.0154     0.0256    -5.6424    -7.1141    -0.3649  1  3    19.8423    12.2679
     412       10       15    -0.2104    -0.0807    -0.1896   -12.3818   -17.1016     0.9083  1  3    21.0153    12.7661
     413       10       15    -0.1891    -0.2105     0.4468     2.0517    -6.8314    -2.6524  1  3    19.3178    11.4955
     414       10       15    -0.2817     0.1616    -0.5371   -20.6142    -1.5374     1.6524  1  3    19.1348    12.0590
     415       10       15    -0.2139     0.1044     0.0030     4.0115    19.7708    -0.9863  1  3    19.1765    11.6927
     416       10       15     0.0431    -0.2462    -0.4910    -7.0096    -6.4386    -5.2139  1  3    18.3958    12.2855
     417       10       15    -0.3685    -0.0127     0.3791     7.7837     5.3320     2.2096  1  3    18.8254    11.8930
     418       10       15    -0.0362    -0.1803     0.0904   -15.1721   -13.3889    -1.0908  1  3    18.3722    12.2728
     419       10       15    -0.2301    -0.1420     0.0769    -4.4862     4.5496    -0.4347  1  3    18.3105    12.2476
     420       10       15     0.0075    -0.0055     0.7592     6.4359     7.5102    -4.1559  1  3    18.8693    12.1086
     421       10       15    -0.6299    -0.1072    -0.2644    -1.2055   -17.3473     3.1139  1  3    18.5661    12.0024
     422       10       15    -0.3640     0.1079    -0.0290     3.3509    -9.4773     3.6401  1  3    18.8134    12.4904
     423       10       15     0.2644     0.1121     0.0499     9.9278    12.8492    -1.9397  1  3    18.1603    12.3412
     424       10       15    -0.4715    -0.0555    -0.1326    -2.7730    -3.2932    -1.3818  1  3    19.8861    12.2690
     425       10       15    -0.4757     0.0805     0.3018    -3.5080    -5.8216     9.4381  1  3    19.9358    11.5288
     426       10       15     0.3313    -0.0001    -0.2180    -5.0577     1.4347     0.5736  1  3    18.9228    11.6827
     427       10       15     0.0879     0.0974    -0.4336   -23.1076     4.8710     2.1562  1  3    20.5626    12.4466
     428       10       15    -0.3406    -0.1356     0.2020    -9.4125    19.4753     2.2657  1  3    20.0279    11.6108
     429       10       15    -0.1345    -0.1140     0.0761   -13.8638    -5.6614    -1.4915  1  3    20.4571    11.9846
     430       10       15     0.5404     0.1355     0.2697    -5.6804    -1.4895     0.7099  1  3    19.9408    11.9212
     431       10       15    -0.4911    -0.0606     0.1564    -1.2239    -2.5207    -2.6487  1  3    20.2034    12.0256
     432       10       15     0.4971    -0.1039    -0.5293    -3.7157    12.6558    -1.8613  1  3    20.0840    12.0368
     433       10       15    -0.4136    -0.0530    -0.1059   -12.7320     8.3993     6.3259  1  3    19.0003    11.8399
     434       10       15    -0.3637     0.0329    -0.1179     1.6789     5.2982    -1.8545  1  3    18.9452    12.2247
     435       10       15    -0.6045    -0.0192    -0.2345     5.3917     8.4722     4.5174  1  3    18.9315    11.9674
     436       10       15    -0.1416     0.0745     0.1825     9.9375    -0.3747     0.8823  1  3    17.8793    12.5402
     437       10       15     0.4332     0.1535     0.0315   -22.5665     3.0854     3.4795  1  3    19.3309    11.4202
     438       10       15     0.0558    -0.1022    -0.0399    -5.5477   -11.4999    -1.5487  1  3    20.5631    12.0758
     439       10       15     0.4357    -0.1317    -0.4667     0.2300    14.9579    -7.4393  1  3    20.4316    12.1978
     440       10       15    -0.0748    -0.0102    -0.0588    -2.7352     6.4552     3.1471  1  3    20.0991    12.4080
     441       10       15    -0.4394    -0.2035     0.4821     7.1407    -3.5808    -6.7765  1  3    19.3549    12.3468
     442       10       15    -0.2614    -0.0892    -0.1314    -8.0874   -11.2503    -2.1894  1  3    18.7895    12.4525
     443       10       15    -0.1492    -0.0168    -0.1152    -4.5518     5.9700    -0.7345  1  3    18.1222    12.5170
     444       10       15     0.4967     0.2280     0.0454    -6.5168     8.0334    -4.0308  1  3    18.9228    12.7407
     445       10       15    -0.1031    -0.0110     0.2210     4.5082     1.8521    -2.5048  1  3    18.9287    12.6204
     446       10       15    -0.7405    -0.1382    -0.0297    20.0731   -12.4616    -5.1869  1  3    18.7846    12.7164
     447       10       15    -0.0829    -0.0914     0.2766   -27.5396    -7.0183    -3.8342  1  3    19.0687    12.4327
     448       10       15     0.7592    -0.1694    -0.0392    -4.6626    -8.0322    -5.7174  1  3    18.5879    12.5408
     449       10       15     0.0927    -0.1017     0.2642    12.9598     6.5528    -5.6750  1  3    19.9039    11.9685
     450       10       15     0.0611    -0.1566     0.2873    10.4148     2.4302    -2.5565  1  3    20.0168    12.1062
     451       10       15     0.3920     0.0469    -0.0439    -9.7190     3.5888    -4.8420  1  3    18.9048    12.4724
     452       10       15    -0.0077    -0.0230    -0.5000    -2.8298    -4.6722    -0.3478  1  3    19.2446    12.6603
     453       10       15    -0.1791    -0.1200     0.0731    -2.0801   -12.9664    -1.9438  1  3    18.4230    12.4825
     454       10       15     0.1714     0.0006     0.0306    10.9735     9.6225    -2.7203  1  3    19.7548    11.8854
     455       10       15    -0.1725    -0.1279     0.2862    -8.3503   -16.3756    -0.0952  1  3    20.3168    12.0091
     456       10       15     0.3225    -0.1159     0.7806     0.8634     1.2029     1.1259  1  3    18.7190    11.9716
     457       10       15    -0.3787     0.1375    -0.2012    -0.7361    -1.9207     3.8141  1  3    20.3623    11.8637
     458       10       15    -0.5811     0.0017    -0.1287    15.7080     2.5111    -1.7339  1  3    19.9053    11.9068
     459       10       15    -0.3783    -0.1169     0.1837   -18.9830   -17.5041    -0.0865  1  3    20.1256    11.8630
     460       10       15     0.1447    -0.1905     0.2444    -9.1641   -18.0483    -6.2659  1  3    19.4454    12.5996
     461       10       15     0.0765    -0.0871     0.2021     4.9901   -12.3327    -2.6991  1  3    18.8793    12.2992
     462       10       15     0.2166    -0.0142    -0.0770   -18.4696     0.2172    -2.5292  1  3    19.5194    11.8536
     463       10       15    -0.0661    -0.0438     0.2688     5.9048     4.8486     0.1467  1  3    20.2807    12.2780
     464       10       15    -0.2993    -0.2094     0.1105     8.7355     5.8673    -2.0698  1  3    19.3040    12.1540
     465       10       15    -0.5531    -0.0766     0.2111   -19.1845   -27.6603     1.4914  1  3    18.8377    12.5142
     466       10       15    -0.9160    -0.0992    -0.4945   -30.0849   -17.3624     4.9941  1  3    18.6829    11.8977
     467       10       15     0.4943    -0.0177     0.1772   -16.3216    -8.9226     2.2499  1  3    18.8341    12.6048
     468       10       15    -0.1999    -0.0102    -0.2359     0.4996     5.2687    -1.0801  1  3    18.6833    11.6944
     469       10       15     0.1682    -0.0448     0.2724    -4.5223   -11.1541    -4.6534  1  3    18.1012    12.9818
     470       10       15    -0.2086    -0.2439     0.2234     2.7467    -5.2712    -6.0549  1  3    18.7030    12.3881
     471       10       15    -0.5175    -0.1268     0.3297    -6.4094    -5.3936    -0.6014  1  3    20.3561    12.0805
     472       10       15    -0.3953    -0.1130     0.3620     4.3800    -8.2132     3.5253  1  3    20.4648    12.0553
     473       10       15    -0.6765    -0.2563    -0.2429   -10.8770    -8.2372    -0.8369  1  3    20.5967    12.5160
     474       10       15    -0.1571    -0.1071     0.2848   -10.0800    -2.7932    -1.9108  1  3    20.5325    12.4987
     475       10       15    -0.3851     0.1005    -0.4085   -10.0922     5.2602     1.5295  1  3    19.1422    11.6046
     476       10       15     0.0843    -0.0351     0.2524   -19.7775   -15.1302     0.1540  1  3    19.0854    11.7419
     477       10       15    -0.5787    -0.0660    -0.5590   -12.3355   -16.3502     2.2470  1  3    18.7937    11.9385
     478       10       15    -0.0290    -0.0027    -0.3030   -20.2883    -4.4743    -2.4412  1  3    18.7005    12.5213
     479       10       15    -0.0026     0.1954     0.0561   -16.1153    -9.8770    -3.5297  1  3    18.6598    12.7113
     480       10       15    -0.1552    -0.0204    -0.1892     3.3888    -4.8981     0.1820  1  3    18.0831    12.0326
     481       10       15    -0.2651    -0.0606     0.0210     0.0331    -3.1607     2.0984  1  3    18.8561    11.8991
     482       10       15    -0.3137    -0.1208    -0.4096   -13.1499    -9.3074     1.7161  1  3    18.7667    12.3973
     483       10       15    -0.0391    -0.0695    -0.0665   -17.9848   -18.1210    -0.3194  1  3    18.1919    12.4406
     484       10       15    -0.3588    -0.2431     0.2675    -4.2967     5.7871    -1.1339  1  3    18.5824    11.6462
     485       10       15    -0.1646    -0.0361     0.3816     1.0631    -7.6938    -3.8333  1  3    19.2865    12.6417
     486       10       15    -0.0275    -0.0912     0.1891     3.1461     3.8236    -1.1448  1  3    17.6920    11.8711
     487       10       15     0.0590     0.1230     0.0909    -7.9183    -8.3032     4.6306  1  3    18.9311    11.9970
     488       10       15    -0.2251    -0.0266     0.2104    -9.2257   -13.5407     0.8808  1  3    19.2297    12.4993
     489       10       15    -0.2542    -0.1629    -0.2162    10.1763    10.7449    -4.9442  1  3    20.2799    12.3902
     490       10       15     0.0647    -0.3282    -0.8141     8.9716    36.5388    -4.1286  1  3    19.3115    11.5341
     491       10       15     0.3388    -0.1032     0.8283    20.5681     3.1868    -7.3145  1  3    20.5045    12.4329
     492       10       15    -0.3224    -0.1200     0.3184    -7.3844   -11.4196    -5.6779  1  3    18.6611    12.5285
     493       10       15    -0.4097    -0.0860     0.0243     1.7362    -1.0780    -1.6799  1  3    18.5728    12.3307
     494       10       15    -0.0030     0.0231    -0.2028     7.4821    -4.0476     1.7892  1  3    17.8856    11.9122
     495       10       15    -0.4486    -0.1402    -0.1566    12.7551     4.2043    -3.0857  1  3    20.2037    12.5395
     496       10       15    -0.4374    -0.0619     0.4598    16.5544     3.6268    -1.7245  1  3    19.1406    11.7612
     497       10       15    -0.4091    -0.0329    -0.0244     0.4990    -1.6398    -2.4291  1  3    19.2266    11.5984
     498       10       15     0.0011    -0.3320    -0.6949    -0.8733    -9.5555    -4.7067  1  3    18.4254    12.5130
     499       10       15    -0.0020    -0.1223     0.1056    -0.0627    -8.2612    -0.7608  1  3    17.9676    11.9783
     500       10       15     0.1597    -0.0387     0.0261     8.2417   -15.0264    -3.8366  1  3    18.5135    12.8124
