       1        2       23     0.1219    -0.0870     0.5276     4.7227   -12.2710    -2.1951  1  3    18.4710    12.3291
       2        2       23    -0.0292    -0.1592     0.4069     4.1487   -10.8538    -0.5204  1  3    18.7019    12.3011
       3        2       23    -0.4410     0.1459    -0.0043    -9.3891   -10.5693     5.9645  1  3    18.8270    12.5298
       4        2       23    -0.1390    -0.0914     0.3591   -10.2700   -13.5333    -6.8687  1  3    19.1962    12.6066
       5        2       23    -0.1411    -0.0189     0.1738    -6.9942    -3.4530     0.4480  1  3    18.7709    12.0755
       6        2       23    -0.1511    -0.0300     0.7425     8.8772   -11.6697     2.9064  1  3    19.2499    12.1503
       7        2       23    -1.0693    -0.2927     0.7011    -7.3179   -19.3591    -1.5358  1  3    18.3545    12.5475
       8        2       23    -0.0673     0.0255     0.2581    -0.6009   -12.5707    -5.9925  1  3    18.4457    12.3338
       9        2       23    -0.4728    -0.1974     0.6226     7.0033     7.7325    -1.6263  1  3    17.5358    12.1899
      10        2       23    -0.5884    -0.2503    -0.0581   -19.5754   -14.6649    -3.8966  1  3    18.3960    12.1677
      11        2       23     0.3525    -0.0078     0.0142   -12.4668     2.6391    -4.4885  1  3    19.1039    11.7512
      12        2       23    -0.0031    -0.1273     0.5512     4.8980    -9.7095    -5.0164  1  3    19.8016    12.3261
      13        2       23    -0.0652    -0.1055     0.2112     7.0588     4.3587     1.8310  1  3    19.1726    11.7436
      14        2       23    -0.4130    -0.0931    -0.1671    -5.4149     1.7787    -3.2268  1  3    19.7570    12.3163
      15        2       23     0.0334    -0.0619     0.4683    -0.2287   -14.8161     2.2776  1  3    19.4414    11.5701
      16        2       23     0.3952     0.1485    -0.4016     8.0109     4.1446     3.2148  1  3    20.5193    12.4662
      17        2       23     0.1032    -0.1310     0.3599     2.7594   -10.0503    -4.0004  1  3    19.2933    12.1567
      18        2       23     0.4167     0.0117     0.2302    -6.2568     3.2279    -1.5522  1  3    18.1067    12.5231
      19        2       23     0.1951    -0.0964     0.8024    10.1196    -6.1961    -4.2698  1  3    17.2591    12.3698
      20        2       23    -0.1131     0.2402     0.0868    -6.8988   -18.8532     6.2590  1  3    18.6545    12.1890
      21        2       23    -0.1767    -0.4178     1.3521    12.0621    -9.4237    -4.2794  1  3    18.8723    12.3399
      22        2       23    -0.2328    -0.1131    -0.2930   -11.8980    -4.0086    -3.6856  1  3    18.5358    12.7590
      23        2       23     0.3294     0.0249     0.2406    -1.0337   -13.7247    -5.3067  1  3    18.0915    12.9151
      24        2       23     0.0188    -0.1094     0.2640   -12.4230   -11.6738    -1.3537  1  3    17.9799    13.1645
      25        2       23     0.2649    -0.0862    -0.1822   -11.7657    -2.5217    -3.2101  1  3    17.8032    12.0713
      26        2       23    -0.1281    -0.1319     0.5345    20.3329    -9.8877    -3.5317  1  3    18.3829    12.3457
      27        2       23    -0.2462     0.3433     0.3408   -10.0719   -24.8706    12.5592  1  2    18.6142    11.9841
      28        2       23     0.1112     0.0261    -0.2477   -10.5370     0.1542    -4.2382  1  3    17.9121    12.3647
      29        2       23    -0.4311    -0.1217     0.1219   -22.4776   -14.7114    -1.5944  1  3    17.4287    11.1995
      30        2       23    -0.8303    -0.1013     0.1741    -4.0407   -17.9085     4.8585  1  3    18.7349    12.8572
      31        2       23    -0.0960    -0.0647     0.3385    -9.9738   -16.0197    -3.0063  1  3    18.2358    12.2078
      32        2       23    -0.4347    -0.1491     0.4510     8.5790    -5.1029     0.9409  1  3    17.9195    12.4153
      33        2       23    -0.1543    -0.1378     0.5517   -10.5502     5.9646    -2.6933  1  3    18.6175    12.4684
      34        2       23    -0.0646     0.0243    -0.2560   -19.2314    -3.4001     0.3484  1  3    18.8590    11.7788
      35        2       23     0.3479    -0.0315    -0.6312   -24.5367   -26.2038    -0.4168  1  3    18.8359    12.4916
      36        2       23    -0.8132    -0.2701     0.1371    14.8894   -21.9010    -4.2381  1  3    19.4063    12.7713
      37        2       23     0.0640    -0.0236    -0.2451    -1.0045   -14.0551     2.3175  1  3    19.1430    12.6154
      38        2       23    -0.3341    -0.0209     0.0362    -6.9083    -5.0692     2.2918  1  3    19.2634    11.8365
      39        2       23    -0.2426    -0.0282    -0.4338   -20.8347     9.1697     2.0863  1  3    18.9926    11.3626
      40        2       23    -0.4813    -0.1305     0.6813    17.4843     1.8323    -4.7430  1  3    19.5551    11.7940
      41        2       23    -0.3211    -0.1096     0.3120    -6.8003   -13.4674    -2.0800  1  3    20.2860    12.4956
      42        2       23    -0.7013    -0.1579     0.1092    10.0194     0.6163    -1.8172  1  3    18.4420    12.3288
      43        2       23     0.0669     0.2033    -0.2336     3.4348    -0.5827     6.6616  1  3    19.3283    11.9549
      44        2       23     0.1217    -0.0692    -0.2696   -11.5985     6.0443    -1.3657  1  3    20.2448    12.2042
      45        2       23    -0.6451    -0.1817    -0.1584    -0.6314   -13.9518    -0.6030  1  3    18.1932    12.7442
      46        2       23    -0.4468    -0.2561    -0.1546   -11.7105     3.7557    -7.6880  1  3    17.8096    12.2734
      47        2       23     0.0160     0.1089     0.0719   -11.6400   -15.9060     2.9437  1  3    18.1594    12.5943
      48        2       23     0.2368     0.0544    -0.3204   -10.3564    -9.2782     1.4320  1  3    18.8290    12.0385
      49        2       23    -0.7306     0.0344     0.2690     8.5730     4.2887     4.0236  1  3    19.1983    12.0463
      50        2       23    -0.3019    -0.1161    -0.1042    -1.3539    -4.3377     0.7657  1  3    18.8266    11.5242
      51        2       23    -0.3736    -0.0492     0.2146   -11.5873     0.5578     1.8472  1  3    19.6655    11.2947
      52        2       23    -0.3220    -0.1765    -0.2388   -22.4194   -13.3985     1.4535  1  3    18.8357    11.7718
      53        2       23    -0.2359    -0.0956    -0.0442   -10.0066   -23.3673     4.8099  1  3    18.0038    11.6090
      54        2       23    -0.9486    -0.2308     0.1198     1.1194    -7.1683     5.9231  1  3    18.8096    11.5545
      55        2       23    -0.0846     0.0001     0.7168     9.3596   -13.0182     3.4215  1  3    19.3573    12.6267
      56        2       23    -0.8204    -0.3566     0.8074     7.8937   -13.1674    -7.4888  1  3    17.7670    12.3127
      57        2       23     0.0617    -0.1379    -0.0085   -14.9241   -12.7049    -4.7316  1  3    18.5141    12.0611
      58        2       23    -0.1421    -0.0978     0.7717    -0.2758   -16.6903    -0.9409  1  3    17.4929    12.7649
      59        2       23    -0.2956    -0.0841    -0.2239     5.4065   -15.0421     0.8143  1  3    18.2671    12.5182
      60        2       23     0.2395     0.0679    -0.0123    -4.6640   -19.0349    -0.4617  1  3    18.3908    12.6820
      61        2       23    -0.6536    -0.1390     0.2905    14.1201   -16.8806    -2.8775  1  3    17.7630    12.5299
      62        2       23    -0.4693     0.0326     0.0348     5.7707    -2.4769     3.9446  1  3    17.5589    12.0201
      63        2       23    -0.4727    -0.1550     0.6066     1.3624   -22.3321    -0.2798  1  3    19.1109    12.4560
      64        2       23    -0.0493    -0.0803    -0.6448   -13.7074   -11.9075     1.0663  1  3    18.7906    12.0893
      65        2       23     0.2053     0.1307    -0.1064    -8.9140     3.0055    -0.0984  1  3    18.4287    12.1741
      66        2       23    -0.6096    -0.1892     0.4643     3.3715    -3.8652     2.8340  1  3    19.0282    12.1377
      67        2       23    -0.0072     0.1926    -0.7727   -16.4680   -14.3087     6.6697  1  3    17.5335    11.9984
      68        2       23     0.7047    -0.1019     0.5428    -8.1125    -7.8116    -2.4116  1  3    17.6551    12.5124
      69        2       23     0.2610    -0.2356     0.5327     2.3287    -7.5699    -4.2313  1  3    17.7066    12.3735
      70        2       23     0.5914    -0.0746     0.3792    -5.3614    -0.4737    -3.0514  1  3    18.9807    11.9715
      71        2       23    -0.5593    -0.1482     0.6101    -3.2679   -26.1835    -1.2244  1  3    19.4621    12.2800
      72        2       23    -0.3247    -0.0813    -0.1147    -0.9649    -8.4593    -1.8907  1  3    18.9622    12.5212
      73        2       23    -0.2077    -0.1594     0.4883     2.2672     4.1846    -2.1715  1  3    19.0740    12.0390
      74        2       23    -0.3110    -0.1566     0.5935    -9.5948   -14.0889     1.2829  1  3    19.5257    12.4011
      75        2       23     0.0774     0.1564    -0.1133   -21.3795   -12.3340    -0.1050  1  3    20.0404    12.0790
      76        2       23    -0.5098     0.0677    -0.0044   -15.5478    -6.9799    -0.0274  1  3    19.2183    11.9373
      77        2       23    -0.5555    -0.2368    -0.1965    -5.3564    -5.8216    -5.8020  1  3    20.4414    12.1011
      78        2       23    -0.3055     0.1543     0.0348   -12.0449    -3.6214     3.3040  1  3    18.5814    12.6106
      79        2       23    -0.2622    -0.0401     0.3214   -15.9284    -2.0432     0.5658  1  3    18.5248    12.0358
      80        2       23    -0.1273     0.0311    -0.0738   -13.8755   -21.5456     1.9021  1  3    18.6775    11.8624
      81        2       23    -0.3177    -0.0977     0.4961    15.3580     0.0982    -1.5994  1  3    18.5613    12.2155
      82        2       23    -0.2634    -0.0176    -0.0612   -15.6722     9.5865    -0.0210  1  3    19.8217    12.0652
      83        2       23     0.0106     0.0458    -0.1821   -12.5295    -1.6048     0.4788  1  3    18.3385    12.0105
      84        2       23    -0.2015    -0.0730     0.5109    -3.4213   -15.9641     0.3825  1  3    18.5457    12.2035
      85        2       23    -0.0772    -0.0452     0.0733     1.1872   -17.8762     1.3677  1  3    18.7714    12.5792
      86        2       23     0.3970    -0.0183    -0.3754    -2.3336    -1.6685    -6.1251  1  3    18.9691    12.6779
      87        2       23     0.1172     0.0118     0.0556   -28.6649    -1.6204    -2.6188  1  3    19.1519    12.1779
      88        2       23    -0.2059    -0.2014     0.4555     5.9685    -8.1248    -6.1274  1  3    18.7940    12.4187
      89        2       23    -0.0942    -0.0301     0.3053   -11.6342    -4.1777     0.4551  1  3    17.8464    12.3784
      90        2       23    -0.2719    -0.0127    -0.0666    -4.4020    -0.2675    -0.9296  1  3    19.2819    11.9287
      91        2       23    -0.5735    -0.0718    -0.0058   -13.4415    -9.2582    -2.2657  1  3    18.3396    12.6038
      92        2       23     0.1620    -0.0659     0.7535     4.6658   -10.8676     2.6752  1  3    18.6864    12.3341
      93        2       23     0.0369    -0.1536    -0.0429     0.8342    -2.5700     0.9026  1  3    20.3431    12.4099
      94        2       23     0.5355    -0.0643     0.2786     2.2536   -14.3526    -2.6416  1  3    18.6983    12.4960
      95        2       23    -0.1902    -0.1971    -0.1360    -0.2901     0.9477    -0.9580  1  3    18.7178    11.5954
      96        2       23     0.1133     0.0216    -0.1237   -10.9807    -5.9869    -0.7404  1  3    19.1345    11.7705
      97        2       23     0.1447    -0.2065     0.4440    -3.4882    -7.2929    -6.5692  1  3    18.9473    12.3821
      98        2       23    -0.0893    -0.0265     0.1377     6.0191    -4.5983     0.1808  1  3    18.2055    12.8035
      99        2       23    -0.2487    -0.0773     0.1278    -6.3860   -10.2886     1.2319  1  3    18.3764    12.1438
     100        2       23    -0.3778    -0.0206     0.1689     0.2857    -7.3851     0.9945  1  3    19.1870    12.5856
     101        2       23    -0.0194    -0.0864     0.1620     0.1723   -18.9741    -2.9132  1  3    18.5104    12.3385
     102        2       23    -0.7614    -0.2341     0.3785    -7.3758    -4.7935     0.2307  1  3    18.9436    11.8209
     103        2       23    -0.1740     0.0061    -0.5640    -6.9050   -12.2299    -3.1731  1  3    19.5126    12.2169
     104        2       23    -0.6236    -0.0340     0.2047     0.5354    -7.5715     5.8251  1  3    18.2770    11.3822
     105        2       23    -0.3359    -0.2272     0.8899     6.6959    15.1691     0.9109  1  3    20.2128    11.9453
     106        2       23    -0.2240    -0.1564     0.8078     4.9631     5.6634    -1.0546  1  3    19.4581    11.8160
     107        2       23     0.4273     0.1251     0.4243     4.2142   -10.9757     4.2820  1  3    20.1331    12.4507
     108        2       23     0.6369    -0.0803     0.2818    -2.1051    -9.0582    -5.6824  1  3    19.7514    12.3571
     109        2       23    -0.6133    -0.1430    -0.2974    -2.4267     0.1419     1.2952  1  3    18.4157    11.9557
     110        2       23     0.0499     0.1250     0.3749     6.4966    -9.1567     2.5418  1  3    18.3120    11.9821
     111        2       23     0.1022     0.0757    -0.0571    -9.7817     9.5106     0.0916  1  3    18.8680    11.9710
     112        2       23    -0.4309    -0.1946     0.0879    -5.9808    -8.2464    -2.1880  1  3    17.7862    12.4016
     113        2       23    -0.2523    -0.0593    -0.0977   -10.3830   -11.9817     2.1008  1  3    18.3384    12.5832
     114        2       23     0.0794    -0.0262     0.3875    12.6871    -4.7825    -1.1727  1  3    19.1144    12.0456
     115        2       23    -0.3674    -0.0074     0.2901     9.8915    -2.9425     3.2086  1  3    19.9783    12.0025
     116        2       23    -0.1905     0.0445    -0.0870    -2.1067    -0.4941    -5.4248  1  3    19.2910    12.8629
     117        2       23    -0.3555    -0.2135     0.0218    -8.3859    -7.0383    -1.9862  1  3    18.2766    12.4985
     118        2       23    -0.1836     0.1637    -0.2745    -9.4694   -14.3280     2.7950  1  3    18.6588    12.7273
     119        2       23    -0.5041    -0.1567     0.2534    10.0137    -7.8391    -1.9788  1  3    19.5520    12.4673
     120        2       23    -0.0009     0.0249    -0.0296   -23.8096    -5.6551     2.8664  1  3    19.1552    12.0406
     121        2       23    -0.2283     0.0408    -0.7004   -34.8174   -26.2893    -3.6516  1  3    18.5001    12.4754
     122        2       23    -0.4252    -0.0422     0.3107     7.0238    -4.1353     2.3117  1  3    19.2677    12.8196
     123        2       23    -0.7411     0.0239     0.4268    13.6447    10.6777     0.7826  1  3    19.3322    12.2791
     124        2       23    -1.0629    -0.3119     0.0487   -18.8080    -8.4267    -4.6399  1  3    19.7892    12.0577
     125        2       23     0.0627     0.0767     0.1464    -3.9784    -3.2805    -4.7718  1  3    19.8128    12.3164
     126        2       23    -0.0927    -0.1167    -0.0642   -11.2794     8.8619    -2.7665  1  3    19.9148    12.2220
     127        2       23    -0.0612     0.1294     0.2214    13.6788    -5.1793    -1.3011  1  3    19.3664    12.3580
     128        2       23     0.2621    -0.0003    -0.3195     2.8463     9.0639     0.4955  1  3    18.4908    12.3770
     129        2       23    -0.4039    -0.0213     0.0658    -2.5036   -12.9461    -1.1862  1  3    19.8445    13.0009
     130        2       23    -0.3206    -0.1347    -0.0694    -9.8536     2.8422     1.0818  1  3    18.7589    12.0701
     131        2       23     0.1380    -0.0382     0.2668    -6.9093   -21.5361    -5.6717  1  3    19.6819    12.8465
     132        2       23    -0.3407    -0.0841    -0.5287   -21.6996    -3.7322    -0.5998  1  3    18.6832    11.6726
     133        2       23    -0.1535     0.0488     0.8970    17.6945     6.0238    -1.1443  1  3    19.0652    12.3825
     134        2       23    -0.9077    -0.2124     0.0442   -14.9988    -9.5830     0.0435  1  3    19.1414    11.7178
     135        2       23    -0.2775    -0.1214     0.2041    -0.6766    -3.4424    -0.7524  1  3    19.5811    11.9528
     136        2       23    -0.3417     0.1114    -0.0269   -15.2115    -6.6316     1.9559  1  3    18.8744    12.5769
     137        2       23    -0.3992    -0.1553    -0.3541     6.5132     0.5601    -2.6731  1  3    18.1193    12.0914
     138        2       23    -0.2226    -0.1098    -0.4792    -1.4367   -20.9019     4.6623  1  3    19.2407    12.5178
     139        2       23    -0.1269    -0.0624     0.4615   -12.9625    -6.2842    -1.2369  1  3    18.1479    12.3209
     140        2       23     0.0959    -0.0893     0.3794    -5.8350    -3.0438     1.2688  1  3    18.8274    12.6514
     141        2       23    -0.3297    -0.0854     0.2804    -0.9466    -9.8814    -0.9124  1  3    18.8265    12.6160
     142        2       23     0.3125     0.0478     0.0147     0.5695    -0.8044    -2.1186  1  3    18.1435    12.6607
     143        2       23    -0.1420     0.0143    -0.1625     1.7034     7.7088    -3.1513  1  3    18.8621    12.4480
     144        2       23     0.0801     0.0071    -0.3472     0.5728   -12.9206     4.3947  1  3    18.8404    11.8374
     145        2       23    -0.0824    -0.1591    -0.3467   -26.1045   -20.4957     0.5037  1  3    17.8861    11.9864
     146        2       23    -0.2220     0.1493    -0.5495   -16.1848   -31.5888     6.4087  1  3    19.6954    12.5128
     147        2       23     0.0813    -0.0088     0.5418    -6.1083   -11.4529     3.2355  1  3    18.5922    12.3694
     148        2       23    -0.1305     0.0048    -0.0288    -3.0337   -22.6116    -1.0515  1  3    18.3537    12.7356
     149        2       23    -0.0366    -0.0289     0.3565     1.3490   -21.2223    -0.8653  1  3    17.5572    12.2426
     150        2       23    -0.1925     0.0752    -0.4905   -19.9047   -14.1585     3.4538  1  3    19.5524    11.9904
     151        2       23     0.1897    -0.1479     0.6213   -12.0339   -28.9577    -7.4836  1  3    18.5754    12.2401
     152        2       23    -0.2215    -0.1571     0.1152    -3.3978   -12.5740    -1.1406  1  3    18.7721    11.7453
     153        2       23    -0.1667    -0.1924     0.6072    -1.3447    -4.9948   -13.1403  1  3    19.9104    11.9290
     154        2       23    -0.1477    -0.1481    -0.1996    -9.7464     4.7968    -3.7883  1  3    20.0222    11.7824
     155        2       23     0.0940    -0.0019     0.7915    -0.4492     2.5000     0.1622  1  3    19.2940    12.0024
     156        2       23     0.0877    -0.0026     0.1686   -15.3829     1.3923     0.2969  1  3    18.7848    11.4016
     157        2       23    -0.4448    -0.0188     0.0801    13.0763     3.0863     1.7167  1  3    18.3806    12.0710
     158        2       23    -0.3459    -0.1235     0.2066    -7.7026   -12.8006    -2.5109  1  3    18.2648    12.2061
     159        2       23     0.1622    -0.1605     0.6921     2.7074    -8.4230     0.2942  1  3    18.2152    11.8249
     160        2       23    -0.3305    -0.1464     0.0059     9.1838    -3.9589    -5.0359  1  3    18.7802    12.0279
     161        2       23    -0.2428    -0.0727    -0.0800    -3.0920     2.8881    -4.6155  1  3    18.6171    12.2617
     162        2       23     0.0657     0.1280    -0.2816   -17.7820    -5.6305     1.8786  1  3    19.9513    11.7463
     163        2       23    -0.3989    -0.0287     0.1473    -0.7563    -5.0640    -1.5192  1  3    19.6832    12.2265
     164        2       23     0.2712    -0.0789     0.0706   -12.1944    -9.4617    -3.2770  1  3    19.0824    12.5499
     165        2       23    -0.4541    -0.1326    -0.1812   -14.1389    -2.0179    -5.6601  1  3    19.5007    12.1958
     166        2       23    -0.1968    -0.0434    -0.2359    -3.7427    -3.8932    -2.6017  1  3    18.8283    12.6866
     167        2       23     0.2437    -0.0021     0.2980     1.4281    -8.8206     1.7385  1  3    18.9613    12.7856
     168        2       23    -0.2561    -0.0682     0.0343    -9.0005     1.3915     0.1826  1  3    19.8438    12.2936
     169        2       23     0.1376     0.0812     0.5717    -3.3140     0.0014    -0.9777  1  3    20.1759    12.1328
     170        2       23    -0.1811    -0.1135     0.4807     1.0882     5.4014     1.9846  1  3    18.3279    12.0168
     171        2       23    -0.3996    -0.0819    -0.3301   -14.9659   -33.0590     1.2256  1  3    18.7658    13.1118
     172        2       23    -0.2647     0.0487     0.5657     4.0102     3.5039    -2.6316  1  3    18.9918    12.1005
     173        2       23    -0.4688    -0.2967     0.0258    -2.7200   -13.6481    -1.8481  1  3    18.5511    12.6941
     174        2       23    -0.0411    -0.1313     0.2408     0.7101    -1.2236    -0.3139  1  3    18.6785    11.6901
     175        2       23    -0.4765     0.0735     0.1574    10.2723    12.1745    -0.0932  1  3    18.8271    12.1444
     176        2       23    -0.2790    -0.1827    -0.4520     1.3786    -3.5914    -3.3857  1  3    19.5183    12.8215
     177        2       23     0.1201    -0.2076    -0.2240     5.9368     3.3608    -4.1177  1  3    19.3422    12.5854
     178        2       23    -0.1296    -0.2309    -0.4286     4.5796     4.3437    -0.7179  1  3    20.3876    11.8624
     179        2       23     0.2219     0.0244    -0.2105   -16.4702    -0.2681    -2.1074  1  3    19.3275    12.0197
     180        2       23    -0.0381     0.0333    -0.1175   -17.8481    -7.7466     0.0777  1  3    18.2754    12.2603
     181        2       23    -0.2654    -0.1466     0.1559    -0.8727   -12.3533    -0.1006  1  3    18.1126    12.5605
     182        2       23    -0.4237    -0.0705     0.4321   -11.0368   -20.9072     1.5061  1  3    18.6923    12.5012
     183        2       23     0.5084    -0.1072     0.1720     5.9403    -1.2200    -2.6905  1  3    19.9608    12.0865
     184        2       23    -0.3120     0.0247    -0.1741   -14.9036     0.0867    -5.6604  1  3    19.4689    12.4805
     185        2       23    -0.5191    -0.1806     0.5526    16.1300     7.3350    -0.6844  1  3    19.4814    12.4060
     186        2       23     0.0073    -0.0093    -0.0891     8.9665    -6.6505    -0.6762  1  3    19.3681    12.3669
     187        2       23    -0.3574    -0.0288    -0.0962    -0.1024    -1.6447     0.4608  1  3    19.7799    12.3362
     188        2       23    -0.0212     0.0566    -0.2477   -14.2320    -1.8123     3.3077  1  3    20.6366    12.1036
     189        2       23    -0.0763    -0.0514    -0.4374   -24.7764     0.1362    -5.1381  1  3    18.5845    12.7596
     190        2       23    -0.3873     0.1886    -0.1388    -3.9367    -7.5776     0.9933  1  3    18.7220    12.2532
     191        2       23    -0.0040    -0.0505    -0.0775    -9.6044     4.4590    -2.3301  1  3    19.6311    11.4719
     192        2       23    -0.1811    -0.0120    -0.1045    -2.4594    -4.8870    -6.2295  1  3    19.1659    12.9942
     193        2       23     0.0989     0.0063    -0.2114    -3.2166    -6.4131     1.4680  1  3    18.8285    12.4862
     194        2       23    -0.1867    -0.1587     0.1601     4.5055    -3.4971     1.2826  1  3    18.6330    12.3883
     195        2       23    -0.3409     0.0076    -0.1918     2.5816   -17.8838     0.0184  1  3    18.5872    12.3548
     196        2       23    -0.3850    -0.0543     0.2492    16.0401     1.4150    -2.2645  1  3    18.3814    12.5733
     197        2       23    -0.4431    -0.2209     0.1613    -2.7233   -18.9630     0.8204  1  3    18.9731    12.4152
     198        2       23     0.1950    -0.2059     0.5163     2.9627    -8.8403    -5.7409  1  3    18.4003    12.5831
     199        2       23    -0.3774     0.0254     0.1936     4.1391    -5.2621     3.6311  1  3    18.6110    12.6626
     200        2       23    -0.1780     0.0097    -0.3449   -11.6468    -3.9344     0.4694  1  3    18.1933    12.2371
     201        2       23     0.3912    -0.0927     0.1061    -2.3941    -0.8035    -3.8042  1  3    18.7512    13.0446
     202        2       23     0.0635     0.1020     0.3443    -6.3961    -4.7895     1.1396  1  3    18.8278    11.9605
     203        2       23    -0.6648     0.2145    -0.2092    -9.8362   -11.9721     6.1658  1  3    18.4863    12.4163
     204        2       23    -0.1805     0.0429     0.3325     6.4833    -1.0248     2.1041  1  3    17.8872    12.3815
     205        2       23    -0.0825     0.0391    -0.4576   -21.5523   -10.4249    -5.3394  1  3    17.2189    12.1925
     206        2       23    -0.4801    -0.0759    -0.2235    -3.3337     0.3419     1.9953  1  3    20.1260    12.3145
     207        2       23     0.3732     0.0261     0.5093     1.8543     2.5951    -4.3576  1  3    20.1660    11.9112
     208        2       23    -0.4336    -0.2534     0.0683   -12.5952   -20.0018    -5.0904  1  3    18.6467    11.9047
     209        2       23     0.3880     0.0414    -0.0959   -12.4153     8.8092    -0.3664  1  3    18.9554    12.1900
     210        2       23     0.0928    -0.0894     0.7795    16.1219    -7.5165    -3.3857  1  3    19.1004    12.1334
     211        2       23     0.1267    -0.1469    -0.0771    -5.4363    14.0013    -0.6222  1  3    19.9990    11.9985
     212        2       23     0.0658     0.0647    -0.2736   -17.1570     2.7771   -12.8656  1  3    19.3781    12.8606
     213        2       23    -0.1863    -0.1290     0.0046   -10.5922     2.1565    -0.3503  1  3    19.5763    11.5865
     214        2       23    -0.2934    -0.0463     0.1009    -4.9166    -0.9350    -4.6400  1  3    19.6012    11.7354
     215        2       23     0.3973     0.0213     0.1724     5.2106    -4.1097    -3.4482  1  3    18.3663    12.1760
     216        2       23    -0.0961     0.0452     0.1055    -0.9942    -1.8682     3.5965  1  3    19.1089    11.8683
     217        2       23    -0.0948    -0.0029     0.9603    10.5101    -9.3651    -4.4646  1  3    17.4604    12.4855
     218        2       23    -0.0898    -0.1361    -0.1180    -9.2831   -12.5647    -2.1835  1  3    18.4706    11.6027
     219        2       23    -0.0782    -0.1500     0.0401   -11.9943   -28.2360    -0.3917  1  3    17.5151    12.6415
     220        2       23    -0.2478    -0.0905    -0.1041    -8.3303   -36.8881     3.9940  1  3    17.7185    12.6612
     221        2       23    -0.1160     0.1550    -0.0616    -4.8915   -16.9397     1.4257  1  3    18.3936    12.8908
     222        2       23     0.2597    -0.1840     0.7415    10.2324   -21.8871    -8.2426  1  3    20.5896    12.4744
     223        2       23     0.2361     0.1268     0.3099     5.8268    -4.3238     0.1159  1  3    19.4279    12.3852
     224        2       23     0.1984    -0.0671     0.8135    -4.9559   -12.9069    -5.4474  1  3    19.6444    12.3259
     225        2       23     0.0687     0.0747    -0.0796    -5.4650    -8.1060     0.0120  1  3    19.9483    12.4106
     226        2       23    -0.2516     0.1121     0.0878    10.8137   -15.0966     0.1893  1  3    18.4820    12.4600
     227        2       23    -0.3657    -0.1813     0.5047    -5.2259    -4.4313    -3.4523  1  3    19.0744    12.3124
     228        2       23    -0.3002    -0.2356     0.5203    -4.7035    -4.3016    -1.0915  1  3    19.4757    11.7531
     229        2       23    -0.2543    -0.1547     1.0088    10.8163    -0.8282     0.8471  1  3    18.5950    11.9996
     230        2       23    -0.1020    -0.0431     0.4148    11.9222     0.5110     5.0680  1  3    20.3127    11.9699
     231        2       23    -0.2054    -0.0325     0.4343   -15.4205   -12.1097    -2.5053  1  3    20.0836    12.3114
     232        2       23     0.1870    -0.1312    -0.0077    -5.1379   -10.0780    -8.1970  1  3    20.5018    12.2361
     233        2       23     0.0835    -0.0709     0.5327    -0.0538    -3.2640     0.1972  1  3    20.1788    11.8271
     234        2       23     0.5746     0.1391     0.4180     4.3240    -4.0640     3.1089  1  3    19.4298    11.8193
     235        2       23    -0.1487    -0.0723     0.7325    -2.7024    -8.0566    -1.5826  1  3    19.9373    12.6810
     236        2       23    -0.7440    -0.0156     0.0282     8.0625    -2.5447    -0.2365  1  3    18.7016    12.2308
     237        2       23     0.2203    -0.0320     0.2044   -11.4445   -12.1104    -3.7196  1  3    20.0722    11.8279
     238        2       23    -0.1085    -0.0922     0.4985     3.8101    -8.9511    -2.6164  1  3    18.3406    12.8132
     239        2       23    -0.0981    -0.2286     0.2875    -5.2696   -10.1696    -4.1187  1  3    17.3857    12.3773
     240        2       23    -0.0870    -0.0453     0.1415   -14.7172     4.9034    -3.5703  1  3    18.7914    12.0476
     241        2       23    -0.2966    -0.1611    -0.3024   -16.8101   -15.3429    -2.8403  1  3    18.9193    12.4527
     242        2       23    -0.2682    -0.0599     0.5816    -8.2374     4.1720     3.4264  1  3    18.6204    12.2394
     243        2       23    -0.1177    -0.0508    -0.0381    -6.3910   -10.8341    -0.8361  1  3    18.5129    12.4707
     244        2       23    -0.1006    -0.1156     0.4459   -10.7082   -19.2656    -5.1972  1  3    18.9846    12.5688
     245        2       23    -0.3615    -0.1257    -0.3923    -1.4120    -7.4087    -2.6532  1  3    19.0405    12.7090
     246        2       23    -0.0787    -0.0453     0.3784    -6.6964   -17.9373    -1.6681  1  3    19.7917    12.7861
     247        2       23    -0.1979    -0.0263     0.0202    13.2407    -3.8653    -4.2169  1  3    19.0203    12.6647
     248        2       23    -0.0274    -0.1732     0.4395    -0.0719    -5.1220     0.3488  1  3    20.2047    12.2859
     249        2       23    -0.3110    -0.0752     0.1007   -13.2722     2.7817    -0.6024  1  3    19.1761    11.4085
     250        2       23     0.0220    -0.0071    -0.2520   -10.6135    -7.0396     3.5160  1  3    19.6713    12.2093
     251        2       23    -0.1938    -0.1676     0.3328     5.9069   -13.5000    -1.6665  1  3    18.7659    13.1814
     252        2       23    -0.3608    -0.1682    -0.0627    10.9987     2.7601    -2.6253  1  3    19.2629    12.1342
     253        2       23    -0.3439     0.0137     0.3941     9.3049     9.9660    -1.1604  1  3    19.5453    12.0875
     254        2       23    -0.4683    -0.1874    -0.4286   -21.0102    -9.4591    -0.0806  1  3    20.1261    12.0057
     255        2       23    -0.2187    -0.1221     0.2920     4.8278     0.9818    -2.5513  1  3    19.3249    12.0293
     256        2       23    -0.0714     0.0016     0.5485     3.6722    18.0234     1.1879  1  3    19.3417    11.8235
     257        2       23    -0.2450    -0.0177     0.7791    18.1180   -11.6674    -1.6621  1  3    19.0824    11.8765
     258        2       23     0.0844    -0.0955    -0.1199    -5.3423    -3.0711    -0.3482  1  3    17.3340    10.8626
     259        2       23    -0.1938    -0.2577    -0.6579    -9.6126   -14.7620    -4.4365  1  3    18.9202    12.6604
     260        2       23    -0.2547    -0.1153    -0.2681    -9.7387    -9.7359    -1.9645  1  3    18.3442    12.3931
     261        2       23     0.1451    -0.0167    -0.0840     2.8768   -13.1033    -1.4736  1  3    17.4354    12.3736
     262        2       23     0.1968    -0.0479     0.4692   -12.9086   -23.0376    -1.7488  1  3    19.6393    12.4535
     263        2       23    -0.3606     0.0200     0.0504   -10.8863    -2.9384     2.3295  1  3    19.2395    11.8067
     264        2       23    -0.1041    -0.1261     0.7200     8.2199    -6.4513    -5.1957  1  3    18.1596    12.8034
     265        2       23     0.1987    -0.0615     0.2405    -8.5828    -3.0928    -4.4002  1  3    18.8030    12.1740
     266        2       23    -0.0692    -0.1356     0.2234     1.9342     3.6384    -4.7878  1  3    18.7609    12.4257
     267        2       23    -0.0242    -0.1310    -0.0443    -6.1729   -29.1154    -3.7574  1  3    17.9098    12.4194
     268        2       23    -0.1608    -0.0107     0.0999    -4.7773   -13.2292     5.2467  1  3    18.3583    11.7846
     269        2       23     0.3177    -0.0829     0.2422    -7.1867   -10.8824    -2.8027  1  3    18.9479    12.5010
     270        2       23    -0.0401    -0.0837    -0.1149   -10.2242     5.0359    -1.2669  1  3    19.0934    12.0720
     271        2       23    -0.6130    -0.3132     0.3464    -5.8626     2.5622    -2.4990  1  3    18.5913    12.3536
     272        2       23    -0.2061     0.0318    -0.1349    -1.0174    -0.9106    -1.6879  1  3    19.4138    12.0855
     273        2       23    -0.2331     0.3384     0.1514     9.0993    -6.1266     7.8374  1  3    19.2882    12.5264
     274        2       23     0.0718    -0.0934     0.4779    17.7527    -1.7184    -1.1750  1  3    18.0886    11.8399
     275        2       23    -0.1914    -0.0286     0.4339    24.7460    -5.0714    -4.9645  1  3    18.6856    12.6989
     276        2       23     0.1458     0.0248    -0.0293    -1.1161   -16.4295     3.7919  1  3    19.1196    12.4300
     277        2       23    -0.0149    -0.0645     0.0356    -4.6876   -21.0753     2.5006  1  3    18.4360    11.9391
     278        2       23    -0.0003    -0.0010     0.4961     1.0966    -5.9927    -0.9108  1  3    19.4860    12.6763
     279        2       23     0.1015    -0.0011     0.1539    -5.4599     3.2114     1.2560  1  3    18.7624    11.5777
     280        2       23    -0.2382    -0.0202     0.4674     5.9441    -0.8128     1.0840  1  3    17.9529    12.0599
     281        2       23    -0.0277     0.0554     0.8402    -2.1317   -13.7757     1.2492  1  3    19.6090    12.5479
     282        2       23    -0.2485     0.0549     0.0305   -20.1349   -16.1288     3.2526  1  3    18.7765    12.7680
     283        2       23    -0.0336    -0.0832    -0.2907   -11.1669    -8.9663    -5.7639  1  3    19.4894    12.1008
     284        2       23     0.1359    -0.0159    -0.0738    -6.7410    -4.8117    -3.1277  1  3    17.9149    12.5474
     285        2       23     0.0287    -0.1044     0.1454    -6.9191    -1.0885    -5.6528  1  3    18.2019    12.5221
     286        2       23    -0.6964    -0.2412    -0.1194     6.5955     1.5179    -0.3212  1  3    18.1813    11.7623
     287        2       23     0.2110     0.2195     0.0412    11.5119     1.2272     1.7253  1  3    20.2190    12.1805
     288        2       23    -0.5990    -0.1843     0.3484     1.9546     7.5707    -0.2987  1  3    18.0369    11.5039
     289        2       23    -0.0605    -0.0729    -0.2096   -12.4663   -18.9171    -4.8573  1  3    18.9592    11.9777
     290        2       23    -0.1802    -0.0105     0.8481     5.6285   -12.0811     0.0131  1  3    19.7859    12.6049
     291        2       23     0.1750    -0.0849    -0.1957   -12.0347     2.2979     2.6351  1  3    19.1944    11.5803
     292        2       23     0.2300    -0.0375    -0.0575    -0.7886     6.3381    -5.9549  1  3    19.0506    12.2470
     293        2       23    -0.0400    -0.0001     0.1239   -14.0246    -2.3975    -4.4472  1  3    18.7084    11.5759
     294        2       23     0.2324     0.0376     0.3325    -3.3131    -4.5806    -5.8978  1  3    18.8881    12.4098
     295        2       23    -0.7418    -0.1221     0.6396    18.1656     0.2800     3.2355  1  3    18.7126    12.3777
     296        2       23    -0.0205    -0.2201     0.1483     4.2134    -8.4707    -6.1114  1  3    19.0897    12.5196
     297        2       23    -0.4226    -0.2026    -0.0047    -6.8503   -12.6447    -1.2008  1  3    18.0510    12.5096
     298        2       23    -0.4564    -0.1009    -0.2328   -12.1306    -1.8947    -0.2867  1  3    18.5326    12.6086
     299        2       23    -0.1177    -0.0304    -0.0932     7.7906     8.2836     0.5347  1  3    18.9004    11.2895
     300        2       23     0.5002     0.0827     0.0103    -0.8523    -3.6059    -3.6165  1  3    19.6368    12.4601
     301        2       23    -0.0767     0.0523    -0.2850   -16.8594    -4.9154    -5.1108  1  3    19.4189    12.0117
     302        2       23    -0.7531    -0.3201    -0.0569    -2.7019    -0.0975    -5.5315  1  3    19.2644    12.0701
     303        2       23     0.1940     0.0687     0.1389    -0.2357    -9.4643     1.5218  1  3    19.2723    11.5223
     304        2       23     0.5392     0.0458    -0.0646   -26.0616     0.3551    -3.1393  1  3    20.4000    12.7755
     305        2       23    -0.3075    -0.1262     0.1723   -10.5097    -7.8000    -1.7507  1  3    19.1962    12.3311
     306        2       23    -0.2306    -0.0249     0.0269     3.8461    -3.9421     0.3056  1  3    19.2956    12.1319
     307        2       23     0.0530    -0.0640     0.2086   -13.4199    -5.1165    -0.0100  1  3    19.6837    12.2369
     308        2       23     0.2422    -0.1363     0.0340    -1.0151     5.7088    -5.6484  1  3    18.5374    11.9031
     309        2       23    -0.4074    -0.0492     0.0376     6.6654    -8.1236     4.8105  1  3    18.8411    12.0883
     310        2       23    -0.0707     0.0328     0.2210    -6.4681     3.7937     3.5185  1  3    18.9919    11.9908
     311        2       23    -0.4717    -0.0882     0.3685    -8.8497   -10.9967     0.8484  1  3    18.4414    12.1404
     312        2       23     0.0314    -0.0808     0.2635     3.7176     7.7747    -1.3486  1  3    17.9635    12.2307
     313        2       23    -0.0184    -0.1247     0.3294    -6.6713   -14.6781    -3.6736  1  3    17.6788    12.5164
     314        2       23    -0.4088    -0.1182    -0.2444    -4.2024    -6.1243    -1.4492  1  3    17.5918    12.4252
     315        2       23    -0.4270    -0.1096     0.2894    -8.3005    -9.5129     2.7332  1  3    18.7488    12.4655
     316        2       23     0.0369    -0.1277     0.4485    -1.7692   -16.0780    -4.0637  1  3    17.6236    12.7042
     317        2       23     0.1648    -0.1065    -0.2951   -14.5188     1.9843    -2.4048  1  3    19.3840    12.4950
     318        2       23    -0.1336    -0.0488    -0.1115   -18.9799    -4.0250    -4.3618  1  3    19.4162    12.2289
     319        2       23    -0.4532    -0.0515     0.0853     4.7279   -12.3760     0.7020  1  3    18.7543    12.0642
     320        2       23    -0.5665    -0.1670     0.0099     2.8618    -7.0269    -2.9443  1  3    19.5393    12.6298
     321        2       23    -0.4519    -0.1424    -0.3935    -8.5528    -5.6397    -0.6635  1  3    18.6288    12.4353
     322        2       23    -0.4521    -0.2883     0.8567    -9.9397   -11.9566    -4.2738  1  3    18.7393    11.4931
     323        2       23    -0.3218    -0.2341    -0.2261   -12.3165   -14.5675    -5.5939  1  3    18.4630    12.3501
     324        2       23     0.2397     0.0186     0.2486    -2.4955   -10.6454    -2.0217  1  3    18.5564    12.8463
     325        2       23     0.2195    -0.1243    -0.0468     0.3558   -27.6710    -5.0182  1  3    19.4445    13.1397
     326        2       23     0.0447     0.0163     0.0215    -0.5733   -10.9480     0.6496  1  3    17.8237    12.1683
     327        2       23    -0.1306     0.1159     0.0755    -7.1265   -10.4052     3.7790  1  3    17.7381    12.3097
     328        2       23     0.1227    -0.0369    -0.0300     0.4356    -0.0392    -1.4339  1  3    18.4417    12.3425
     329        2       23     0.0422    -0.1157     0.1016    -2.3184   -18.4315    -1.1106  1  3    18.2577    12.7257
     330        2       23    -0.5397     0.0474    -0.1162   -21.3126   -10.5148     2.2924  1  3    17.9560    12.6978
     331        2       23     0.5069    -0.0241     0.4672     7.4025    -0.5689    -8.7721  1  3    18.6217    12.6303
     332        2       23    -0.3668    -0.0703     0.0454   -13.4290   -12.5663    -2.0077  1  3    18.3048    12.3883
     333        2       23    -0.6121    -0.1043     0.2690    10.6218    -8.3750     2.7657  1  3    19.1342    12.2714
     334        2       23    -0.6167    -0.1005    -0.4610   -10.0291     0.0190    -2.3303  1  3    19.8023    12.1332
     335        2       23    -0.2529    -0.1552    -0.0598    -6.6382    -0.2092    -0.5540  1  3    19.6338    11.9012
     336        2       23    -0.1030    -0.0086     0.1012     4.9577    -1.8293    -2.1355  1  3    18.8234    11.8540
     337        2       23     0.8947    -0.0549     0.0228     5.1927   -19.9240    -5.9688  1  3    18.4171    12.3955
     338        2       23    -0.4744    -0.2552     0.4911    -0.7011    -0.3697    -6.4011  1  3    18.6275    12.4053
     339        2       23    -0.1771    -0.1431    -0.0758    -6.8365   -23.5334    -1.3925  1  3    19.2616    12.2396
     340        2       23     0.0504    -0.1107    -0.0199   -17.7367   -24.8203    -5.0095  1  3    18.6080    12.4934
     341        2       23     0.2693    -0.0388     0.4004    14.7283     0.5053     0.6013  1  3    19.3377    12.4093
     342        2       23    -0.3009    -0.0999     0.1484   -20.3168    -1.8969     1.0385  1  3    19.0154    11.7642
     343        2       23    -0.0917    -0.0211     0.1043    -1.6928    -5.9114     0.3984  1  3    20.0383    12.3005
     344        2       23    -0.1505    -0.0003    -0.6869   -16.1336     0.3909     2.0209  1  3    18.8850    11.3286
     345        2       23     0.2023     0.0199    -0.3539    -4.5014    -8.8853    -0.0684  1  3    18.9942    12.5130
     346        2       23     0.1532     0.0366    -0.0454    -4.1035    -7.9647    -4.7743  1  3    19.2702    12.1068
     347        2       23    -0.1714    -0.0899     0.8756    16.8893   -17.1076    -6.6508  1  3    18.0934    13.1015
     348        2       23    -0.2414    -0.1583     0.1426    -8.2358    -6.0678    -1.9911  1  3    20.0219    12.3624
     349        2       23     0.5263     0.0678     0.4025    12.0045    -5.9529    -1.1181  1  3    18.8141    12.3861
     350        2       23    -0.2468    -0.1493     0.4137    -2.6949     3.9653     0.7095  1  3    18.6529    12.1120
     351        2       23    -0.0508    -0.1238     0.0584    -4.9212   -18.7027    -4.4658  1  3    18.2090    12.6504
     352        2       23    -0.3803    -0.1926     0.6251   -12.2508   -11.8144     2.1966  1  3    19.1109    11.9569
     353        2       23     0.3495    -0.1005     0.4195    -0.4528    -5.2066    -2.1767  1  3    18.6250    12.1925
     354        2       23     0.1932    -0.0952    -0.2546     3.0177     4.8516    -1.0466  1  3    19.1148    12.2310
     355        2       23    -0.1652    -0.0876     0.0535     0.0235    -5.1998    -1.2779  1  3    19.0828    11.9633
     356        2       23    -0.0301     0.0116    -0.4204    -9.1756     1.6828     0.4828  1  3    18.5683    11.5823
     357        2       23    -0.0144    -0.1123     0.3566     8.8440   -25.4698     0.8023  1  3    18.9949    12.0519
     358        2       23    -0.0320    -0.1339     0.5909     1.8089   -14.4542     0.2956  1  3    19.5858    11.8555
     359        2       23     0.0617     0.0302     0.0491     8.1339    -9.9914     0.2268  1  3    19.3998    11.4956
     360        2       23    -0.2388    -0.0794    -0.2358    -1.0926    -8.1036    -4.6996  1  3    19.4618    11.6299
     361        2       23    -0.2521     0.0705    -0.3295    -6.3921    -4.7987    -2.7214  1  3    19.7820    11.9051
     362        2       23    -0.1743     0.2833     0.6367     8.9510     3.6864     6.9950  1  3    19.8393    11.5235
     363        2       23    -0.4003    -0.1607    -0.1063     6.2916    -1.4887     1.9459  1  3    20.0637    12.3470
     364        2       23     0.5482     0.1888     0.4117     0.0536    -5.5073     6.7930  1  3    19.2703    12.1981
     365        2       23    -0.2729    -0.1940    -0.3713   -19.0645    -3.6485    -2.7960  1  3    18.3432    12.3914
     366        2       23     0.1202    -0.1988     0.9560    -3.0383   -11.3948    -1.3116  1  3    18.7386    12.4998
     367        2       23    -0.0370    -0.1095     0.2342     8.1314   -12.3609     0.2801  1  3    18.8396    12.6339
     368        2       23    -1.0405    -0.0754    -0.1776   -16.6746   -16.5952    -0.8363  1  3    18.1595    12.3348
     369        2       23     0.1208    -0.1096     1.1823    -0.3177   -18.6102    -2.6797  1  3    18.2526    12.6201
     370        2       23     0.4258     0.0461     0.2923    -7.2727   -18.7082    -6.6647  1  3    17.7830    12.6975
     371        2       23     0.1474    -0.1506     0.3636    -5.4060   -18.5856    -2.7861  1  3    18.6237    12.7186
     372        2       23    -0.2046     0.0673    -0.1668   -23.4826   -15.2759     2.0014  1  3    18.6844    12.3742
     373        2       23    -0.4191    -0.1078    -0.4253   -31.0674   -13.8871    -1.3085  1  3    18.8224    11.6224
     374        2       23    -0.3692    -0.0874     0.0899    -3.7111    -3.4480     2.3635  1  3    18.4710    11.8936
     375        2       23     0.3142    -0.0477     0.2191    18.1372   -18.8762     2.7856  1  3    18.9954    12.3150
     376        2       23    -0.4528    -0.1243     0.0371    -4.2089     0.9342    -2.0147  1  3    18.4196    12.9521
     377        2       23    -0.1235    -0.0562     0.1979   -15.7588   -15.3820     2.7023  1  3    17.4398    11.7237
     378        2       23     0.3411    -0.2340     0.8533    -0.9317   -22.1093    -5.5847  1  3    17.7888    12.5475
     379        2       23    -0.2209     0.0031     0.2747     9.2150    -4.9148     0.7315  1  3    19.1346    11.7639
     380        2       23     0.0849    -0.1027     0.1794    -8.6470   -19.9503    -0.5783  1  3    19.7086    12.7863
     381        2       23    -0.3516    -0.1287    -0.0483   -10.5017   -11.1904    -3.2811  1  3    18.4907    12.5839
     382        2       23    -0.6684    -0.0543     0.2740   -19.3943   -21.8577    -3.1464  1  3    17.6902    12.4281
     383        2       23    -0.4804    -0.0242    -0.3385   -17.8044   -16.9706     2.5670  1  3    18.0286    12.4248
     384        2       23     0.3422     0.0309     0.0401   -12.6418   -10.0369    -3.6432  1  3    18.1556    12.8434
     385        2       23     0.1553    -0.1414    -0.0927     0.2973     0.7214    -4.1419  1  3    18.6108    12.2867
     386        2       23    -0.2479    -0.2046     0.3440     2.2085    -7.2793    -2.9288  1  3    19.0325    12.4697
     387        2       23    -0.2431    -0.0595    -0.1840     5.7685     2.1285     1.0334  1  3    19.7765    11.5700
     388        2       23     0.1238    -0.0696     0.7614     6.4872    -9.7957     0.7892  1  3    18.4586    12.6173
     389        2       23    -0.0373    -0.0184     0.1364   -10.3862     2.7657     0.0544  1  3    19.1770    11.6486
     390        2       23    -0.2686     0.0157     0.2392   -13.9720   -14.0103     1.1749  1  3    20.0380    12.1247
     391        2       23    -0.5573    -0.0490     0.3468     1.0026     0.1722    -1.3149  1  3    20.0431    11.8121
     392        2       23    -0.3555    -0.0618    -0.1434   -31.7579   -15.3501     0.0481  1  3    19.2848    11.6599
     393        2       23    -0.5558    -0.0796     0.1868   -12.6933   -16.5399     2.0107  1  3    20.2438    12.2570
     394        2       23     0.1200    -0.0392     0.0321     1.3625    -1.3555    -0.7143  1  3    20.3216    12.0736
     395        2       23     0.0417    -0.0818     0.6329     5.3405   -14.3796    -2.2527  1  3    18.9061    12.4211
     396        2       23    -0.4977    -0.0875    -0.0525     1.2985   -22.1700     2.1142  1  3    18.6820    12.5186
     397        2       23     0.5373    -0.0844     0.6966    -9.6776   -20.1490     0.9428  1  3    18.6866    12.5114
     398        2       23    -0.5435    -0.1686     0.0357     3.3953    -7.1067     1.5185  1  3    17.8859    11.7584
     399        2       23    -0.3318    -0.1333     0.0318     5.9612   -26.9854    -2.1075  1  3    17.5453    12.0841
     400        2       23    -0.1978    -0.1612     0.1078    -4.1321   -27.5899    -0.6058  1  3    18.0518    12.5580
     401        2       23    -0.8785    -0.1182    -0.2788   -14.2675   -14.7309     3.5589  1  3    18.8208    12.4254
     402        2       23    -0.3240    -0.0910     0.1685    -5.1696     1.4819    -1.8714  1  3    18.7223    11.6646
     403        2       23    -0.3861    -0.0023     0.0401    -5.1297   -10.9209     1.9739  1  3    19.3103    12.2727
     404        2       23    -0.3936     0.0141    -0.4446     2.0410    -4.1182     0.2080  1  3    18.1690    12.4987
     405        2       23    -0.5309    -0.2345     0.2205     5.8292   -13.9142    -5.0883  1  3    17.7100    12.1009
     406        2       23    -0.5491    -0.0821    -0.0450   -12.2084   -11.8778    -3.9732  1  3    18.6495    12.2687
     407        2       23    -0.2818    -0.1636     0.3758     9.9108    -9.6392    -5.3789  1  3    19.6084    12.4781
     408        2       23    -0.2094    -0.1113     0.1647     0.1299   -15.7769    -3.6336  1  3    19.1223    12.7134
     409        2       23    -0.1748    -0.0167     0.0054   -24.9330   -17.2367     1.8832  1  3    18.1463    11.9115
     410        2       23    -0.1530     0.0660    -0.0859   -12.9591    -9.2854     2.8971  1  3    18.7401    12.0440
     411        2       23     0.0007    -0.1290     0.0372    -3.8397    -4.5767    -2.4635  1  3    18.5590    12.5679
     412        2       23    -0.3496     0.0192    -0.2182    -3.6681   -19.6693     4.9717  1  3    19.5918    12.8169
     413        2       23    -0.1470    -0.0927     0.2626    -6.1966    -7.8322     0.2249  1  3    18.8178    12.1958
     414        2       23    -0.1528     0.1326    -0.2871   -21.4524    -5.7795     1.1916  1  3    20.0215    11.7988
     415        2       23    -0.6402    -0.0836     0.3433     0.1914    10.4657     6.0756  1  3    19.1285    11.8875
     416        2       23    -0.0994    -0.1103    -1.0384   -21.2542    10.1374    -2.3111  1  3    20.5280    12.2225
     417        2       23     0.1079     0.0344    -0.0581   -13.5850    -2.9520    -0.7742  1  3    18.9549    12.2010
     418        2       23     0.2367    -0.0771     0.0843    11.4219    -7.7326    -2.0259  1  3    18.2492    12.1329
     419        2       23    -0.5218    -0.2209     0.4975     6.2379    -2.0479     0.2896  1  3    18.8561    12.7370
     420        2       23    -0.8268    -0.1564    -0.1213   -15.8097     2.0989     2.1555  1  3    19.1063    11.9275
     421        2       23     0.1501    -0.1034     0.4454    13.0426    -1.4995    -3.0016  1  3    18.3741    12.1371
     422        2       23    -0.0235     0.0252     0.0171     9.9473    -9.3323     0.3170  1  3    19.3541    12.7074
     423        2       23    -0.1256    -0.1631     0.6315     8.1969    -6.0506    -4.1110  1  3    17.6343    12.8764
     424        2       23     0.1880    -0.1887     0.7457    -0.7150    -1.4684    -4.1432  1  3    19.3638    12.9419
     425        2       23    -0.5183    -0.1961     0.1405    -3.6580    -1.6708     1.5625  1  3    18.5116    11.8182
     426        2       23    -0.1126     0.0530     0.1963    -5.2652    -6.5115     4.0086  1  3    19.5033    11.7959
     427        2       23     0.3024     0.0233    -0.2596    -6.9423     0.3163    -7.7185  1  3    19.6677    12.1550
     428        2       23    -0.0927     0.0332    -0.6278   -12.7564   -10.4045     5.3583  1  3    19.7947    12.5034
     429        2       23    -0.5717    -0.0084     0.2544   -21.5964   -27.5084    -2.1695  1  3    17.6495    12.5771
     430        2       23     0.2853     0.0750    -0.1490    -9.7417   -17.6172     4.1715  1  3    17.4005    12.6823
     431        2       23     0.3673     0.0546    -0.1538    -5.8417   -11.3586    -3.1961  1  3    17.6885    12.1369
     432        2       23    -0.0554    -0.0878     0.0397   -14.8650   -11.9789    -2.3798  1  3    19.2767    12.8699
     433        2       23     0.3669    -0.0754    -0.5809   -16.1438    -2.1877    -2.5853  1  3    17.3160    11.9240
     434        2       23    -0.8213    -0.2031    -0.0118    -1.8792    -2.4068     2.0779  1  3    17.0841    11.1362
     435        2       23    -0.0993    -0.1119     0.2712     7.2108    -1.2279    -8.3524  1  3    18.3620    12.1440
     436        2       23    -0.4453    -0.1993    -0.1592   -14.0735     1.8086    -6.1338  1  3    17.2722    11.7532
     437        2       23    -0.5644    -0.4018     1.3402     4.3278   -12.7499    -1.5184  1  3    19.0067    11.6870
     438        2       23     0.0818    -0.0270     0.3460     1.7311    -1.7441     3.2755  1  3    17.4265    11.9805
     439        2       23    -0.5629    -0.0267     0.3776    11.2241    15.1201     8.3204  1  3    18.3261    11.5259
     440        2       23    -0.4151    -0.1218     0.3132    -1.3685    15.2509     4.5830  1  3    18.1458    10.8991
     441        2       23    -0.7002    -0.0962    -0.4074   -21.7950    13.3446    -1.6246  1  3    17.3241    11.3158
     442        2       23    -0.1172    -0.1406    -0.7407    -5.7058    -1.3833    -0.9481  1  3    18.7422    11.7372
     443        2       23     0.0600    -0.1429    -0.2729    -5.9091    -2.1383    -4.6371  1  3    16.4778    12.0584
     444        2       23    -0.1830    -0.0574    -0.0540   -10.4676   -18.8288    -2.5985  1  3    16.5766    12.4150
     445        2       23    -0.1939    -0.0126    -0.0664   -14.4363     2.4980     3.1763  1  3    16.6667    11.7751
     446        2       23    -0.3218    -0.0629     0.1794   -13.1699    -2.6816    -2.7712  1  3    17.4889    11.5333
     447        2       23     0.0019    -0.2054     0.5704     4.1817   -14.4467    -7.0160  1  3    16.3037    12.4842
     448        2       23     0.2967    -0.0128    -0.2830    -6.2293    15.2689    -1.6838  1  3    16.6188    11.4720
     449        2       23    -0.1872     0.2035    -0.3942   -28.0189    -9.3605     1.5951  1  3    16.7473    12.0045
     450        2       23     0.5068     0.0311    -0.1764    -4.1038    -0.4751    -4.9680  1  3    16.9265    12.4700
     451        2       23    -0.5985     0.0270     0.4533   -22.8679     3.3626     2.3700  1  3    15.0406    10.9826
     452        2       23    -1.1270    -0.1831    -0.0264   -11.2814    -8.2666     1.8377  1  3    15.8988    11.4351
     453        2       23     0.1520     0.1822     0.2638   -32.2776     2.4793    -0.8558  1  3    18.5710    12.0623
     454        2       23    -0.0203    -0.1069    -0.3181    -9.7411     1.3841    -3.2552  1  3    20.0258    11.9588
     455        2       23    -0.0642    -0.1358     0.3783     1.0337    -5.6973    -5.1799  1  3    20.0681    12.2535
     456        2       23    -0.3049    -0.2738     0.7895     0.6741    -5.0978    -3.6710  1  3    19.3977    11.8085
     457        2       23     0.0333     0.0204    -0.2157     1.9514     3.6494    -1.9297  1  3    19.7473    12.4934
     458        2       23     0.0554    -0.0822     0.3090    -0.8061    -3.8871    -3.2946  1  3    17.8993    12.0670
     459        2       23    -0.4127    -0.1487     0.7511    15.0762     3.7375    -0.4124  1  3    18.7300    11.5910
     460        2       23    -0.8425     0.0073    -0.5439    -9.0151    10.6881     3.8416  1  3    18.8107    11.5650
     461        2       23    -0.1704    -0.0659     0.4152    10.4728   -19.2044    -2.5341  1  3    18.3156    12.2708
     462        2       23     0.4693    -0.0699     0.9078     4.4506   -16.9620    -0.3044  1  3    18.9751    12.4748
     463        2       23     0.0153    -0.0459     0.8695    15.3279   -14.5742    -1.0114  1  3    18.3859    12.3409
     464        2       23     0.0627    -0.2055     0.0601    -6.9329     9.4622    -1.5339  1  3    20.2570    11.9566
     465        2       23    -0.1086    -0.1081    -0.0415     8.4902    -3.7384     1.7954  1  3    19.8365    11.4660
     466        2       23     0.2531     0.0703     0.3289    19.9432    -1.4481    -3.7306  1  3    19.2753    12.0411
     467        2       23     0.1616    -0.2305     0.6706    -0.7486     3.7052    -3.7494  1  3    20.1122    11.7509
     468        2       23    -0.3478    -0.0475     0.2949    -6.3500    -5.5056    -0.0641  1  3    19.1123    12.5688
     469        2       23    -0.2059    -0.1049     0.4703     4.6900   -16.5286     0.4198  1  3    18.9870    11.4804
     470        2       23    -0.0112    -0.1609     0.2485    -7.1328     2.3362     0.1570  1  3    19.7936    11.7472
     471        2       23     0.2531     0.0165     0.0763     1.0478    -0.9748    -3.7812  1  3    20.4082    12.0541
     472        2       23    -0.2067     0.0395    -0.3745    -0.6036    -2.2985     1.3092  1  3    18.9943    11.6917
     473        2       23    -0.0843    -0.0699    -0.5127   -14.0461    -2.8505    -2.6638  1  3    19.6202    12.2947
     474        2       23    -0.4796    -0.1597     0.0979    -2.5241     0.8063    -0.0031  1  3    18.4681    11.5315
     475        2       23    -0.2255     0.0557     0.1402    -7.9693   -15.0070     2.1037  1  3    17.6817    12.0266
     476        2       23     0.3730     0.0440     0.8504    24.3184    -7.6792    -1.1454  1  3    18.2509    12.6259
     477        2       23     0.0655    -0.0053     0.3656    22.9422   -10.7066    -2.2978  1  3    19.6437    12.6365
     478        2       23    -0.8075    -0.1151     0.6562     4.6775     1.6778     2.6184  1  3    18.8071    11.8214
     479        2       23    -0.8165    -0.0759    -0.2411   -17.5169    -9.8380     6.7549  1  3    18.8028    12.0140
     480        2       23    -0.1814    -0.1006    -1.3211   -24.1370    -7.0887     1.8811  1  3    18.6911    11.7883
     481        2       23     0.0873    -0.1324    -0.0313   -18.4729   -11.6586    -4.6718  1  3    19.5020    11.3696
     482        2       23     0.1801    -0.0874     0.1186    -5.9504     3.3369    -1.2535  1  3    18.4256    11.9179
     483        2       23    -0.5102    -0.2056     0.8935    -1.2859   -15.2230    -0.8697  1  3    18.5719    12.9625
     484        2       23    -0.2297    -0.0329    -0.4643   -12.2369   -10.2979    -2.4688  1  3    20.5067    12.1524
     485        2       23     0.1820    -0.1153     0.3561    -0.8218     2.4472    -0.7013  1  3    18.7369    11.6595
     486        2       23    -0.3855    -0.1222     0.3411     1.2610     5.6713    -2.8422  1  3    19.0615    12.0878
     487        2       23    -0.3298    -0.2262    -0.1217    -5.0911     0.5463    -4.8456  1  3    19.7493    11.7032
     488        2       23    -0.5278     0.0266     0.1855    -5.0085     3.5545     2.7081  1  3    18.5874    12.3323
     489        2       23    -0.3920     0.0090    -0.1183   -17.4185    -9.4910    -0.5268  1  3    19.4338    12.5142
     490        2       23    -0.8736     0.0012    -0.3981    -9.5086     5.2229     6.8158  1  3    18.1883    11.3825
     491        2       23    -0.0188    -0.1132    -0.2382   -12.1961    -3.9927     0.1074  1  3    20.1398    11.8925
     492        2       23     0.1459    -0.0328     0.2947    -8.2109    -0.6367     3.1698  1  3    20.7314    12.1649
     493        2       23    -0.3327    -0.1162    -0.0626    -7.7197     2.6304     0.3908  1  3    20.2027    11.9112
     494        2       23    -0.0842    -0.1232    -0.0914     2.9027    21.8391     1.8523  1  3    19.0112    11.2616
     495        2       23    -0.1524    -0.0520    -0.4478   -21.3491   -12.9864     0.3321  1  3    19.6187    12.4740
     496        2       23     0.2166    -0.1515    -0.1747    -6.9844     7.9440    -3.6723  1  3    18.8168    12.1773
     497        2       23     0.0253     0.1449     0.2994     1.5120   -10.6475     0.1595  1  3    19.2323    12.5294
     498        2       23    -0.0944    -0.0536    -0.1312   -14.8496     1.8245     2.6538  1  3    18.8380    11.5683
     499        2       23     0.0465    -0.0839    -0.2650   -17.8933    -3.0471    -0.0710  1  3    19.6380    11.5470
     500        2       23    -0.1999     0.0976    -0.7207   -20.5058     0.1846     5.1015  1  3    20.1684    12.1948
