       1        9       16    -0.1798    -0.1536    -0.2417     6.6922     2.3361    -1.6386  1  3    19.9582    11.5909
       2        9       16    -0.2254    -0.1031    -0.2394    -5.4233   -10.5880    -1.6849  1  3    20.4514    12.1935
       3        9       16     0.4759    -0.1030    -0.0512    -4.3525    -5.8474     3.0510  1  3    20.0445    11.9884
       4        9       16     0.0264    -0.0563    -0.2317     6.5627    -7.7361     0.4324  1  3    19.9238    12.3613
       5        9       16     0.5725    -0.0946    -0.3243     8.7854    -8.1904    -0.8969  1  3    20.1614    12.3722
       6        9       16     0.5143     0.0139    -0.3946    13.4056    -2.8345     4.3675  1  3    19.7573    11.7008
       7        9       16     0.4546    -0.2173     0.6376   -17.8922    -5.6636     0.2864  1  3    19.6062    11.7790
       8        9       16    -0.4740     0.0358    -0.9679    26.2259    -9.2435    -3.2333  1  3    19.4302    11.7422
       9        9       16     0.0522    -0.0432     0.1915     5.2715    -9.6618    -3.0712  1  3    19.5021    11.9350
      10        9       16    -0.4806    -0.0099     0.2044    -3.8971    -2.9562    -0.7499  1  3    19.1389    11.8949
      11        9       16     0.3901    -0.2590    -0.7759     5.8416   -14.6193    -1.3286  1  3    19.8155    12.0388
      12        9       16    -0.4659    -0.0962     0.1225    -4.3187    16.0165     0.2384  1  3    19.1956    11.4213
      13        9       16    -0.0416    -0.0381    -0.3804    -1.0783    -2.7011    -4.3227  1  3    19.4944    12.4249
      14        9       16     0.0267    -0.2404    -0.5440    -7.5499     4.6365    -3.5985  1  3    19.2171    11.0942
      15        9       16     0.1878     0.1026    -0.2398     6.1257    -7.8757     2.4168  1  3    19.4078    10.9044
      16        9       16     0.2795    -0.1662     0.4678     7.2269   -17.6727    -1.1074  1  3    19.3097    11.6857
      17        9       16     0.2762    -0.1629     0.1764    10.1469   -20.9719    -2.4441  1  3    19.5917    11.7228
      18        9       16     0.1584    -0.0563    -0.3707    15.6921   -30.0241     2.4701  1  3    19.9910    11.9016
      19        9       16    -0.1175     0.2103    -0.1012   -21.2953    -1.9069     5.0960  1  3    20.1199    11.8615
      20        9       16     0.4995    -0.0214    -0.1895    -1.6099    -4.5203    -2.4253  1  3    19.0832    12.1040
      21        9       16     0.7434    -0.0514     0.7402   -16.6552    -4.9752     1.3691  1  3    19.4966    12.1892
      22        9       16    -0.0674     0.1120     0.3589   -24.0689     4.2101    -4.2970  1  3    19.6825    12.0207
      23        9       16     0.0706    -0.2253     0.0936     7.7723    -6.3538    -1.4661  1  3    20.2875    12.3463
      24        9       16     0.0666    -0.0041     0.1452    -3.9257    -3.6352    -2.7303  1  3    20.3003    11.9621
      25        9       16    -0.1760    -0.0844    -0.2931    -4.8720   -10.9135     1.9055  1  3    18.0982    12.1667
      26        9       16     0.1722    -0.2267     0.4179   -12.8670   -18.3383    -2.0488  1  3    19.4796    12.5593
      27        9       16     0.0361     0.0110    -0.0497    -6.2296   -10.6782     1.2499  1  3    19.4830    12.2945
      28        9       16     0.2977    -0.1684    -0.5449    -2.4995   -15.7861     0.1707  1  3    18.9211    12.2660
      29        9       16    -0.3716    -0.1286     0.1366     5.0085    -9.9444    -1.3525  1  3    19.2296    12.6318
      30        9       16     0.2241     0.1243    -0.2880     3.6843    -9.6511     5.5195  1  3    19.2942    12.1890
      31        9       16     0.1207    -0.0611     0.2749     3.3079   -25.6557     1.6525  1  3    19.1883    12.8140
      32        9       16     0.2638    -0.2679    -0.4197     7.0746   -12.3203    -1.8483  1  3    19.5279    11.8719
      33        9       16    -0.1988    -0.1012     0.0710   -16.9901     5.4853    -1.9494  1  3    19.1845    11.4770
      34        9       16    -0.1924    -0.0252    -0.2235     3.6774    16.6110    -2.1520  1  3    18.9801    11.1665
      35        9       16     0.3465    -0.0608     0.0535     8.0309    -2.7281    -5.7802  1  3    18.8850    11.8056
      36        9       16     0.4549    -0.1460     0.1951    -9.3110   -19.7328     2.6738  1  3    19.0139    12.5617
      37        9       16     0.6017     0.0702    -0.0058    -8.9111   -22.9037     5.6969  1  3    19.2444    12.6039
      38        9       16     0.5309    -0.3002    -0.7866     8.5965   -21.0295     3.2786  1  3    18.6653    12.1990
      39        9       16     0.2832     0.0799     0.1975    15.5493   -31.1813     6.4614  1  3    19.1442    12.2398
      40        9       16     0.2120    -0.0889    -0.0741    -1.7563    -3.4410    -0.1222  1  3    18.7571    12.4119
      41        9       16    -0.2815     0.0099    -0.2712    -2.6284   -26.9360     7.7713  1  3    18.6007    12.7965
      42        9       16    -0.2045     0.1502     0.0666   -14.9544    -1.2748     0.3551  1  3    20.6557    12.3578
      43        9       16    -0.8445    -0.0269     0.1682   -14.4927    -2.1941    -4.9090  1  3    20.3349    11.8648
      44        9       16     0.2066    -0.1270    -0.5454    -4.8053     9.3008    -6.2686  1  3    20.2025    12.2699
      45        9       16     0.1910    -0.0289    -0.2277     0.2335   -18.0397     1.9902  1  3    20.3332    12.1315
      46        9       16     0.2486    -0.1362    -0.0277   -14.6384   -16.5397     6.1484  1  3    18.3059    11.4528
      47        9       16    -0.2556    -0.0446     0.6054    -6.5109   -15.0972    -2.9633  1  3    18.0617    12.3597
      48        9       16     0.5113    -0.1385    -0.1282    -6.6849   -12.8496     0.3044  1  3    18.9165    11.7515
      49        9       16     0.1104    -0.1325    -0.6134    -1.0635    -9.8686    -4.4908  1  3    18.8806    12.4121
      50        9       16    -0.1670    -0.1249     0.4321   -20.2840   -17.7649    -0.7257  1  3    19.6250    12.7048
      51        9       16     0.2456     0.0113    -0.0971     5.5197   -19.4601     0.5141  1  3    20.4177    13.0447
      52        9       16    -0.2035     0.0559     0.0650    -2.7975   -18.7933    -0.0410  1  3    19.3720    12.6815
      53        9       16     0.2739    -0.1108     0.0337   -20.8662    -3.1089     1.4200  1  3    20.2803    12.1224
      54        9       16     0.2670    -0.0905    -0.2707    -5.3601    -0.1858     0.3142  1  3    18.6278    11.3020
      55        9       16     0.6547    -0.1255    -0.0201   -11.5702   -21.9065     3.1486  1  3    18.5789    12.6723
      56        9       16     0.1609    -0.1239    -0.0550    18.3143   -17.8709    -1.2623  1  3    18.4667    12.6910
      57        9       16     0.1984    -0.1179    -0.3735    -8.9424   -13.0002     1.8626  1  3    19.0480    12.0046
      58        9       16    -0.0170    -0.1198     0.4747   -13.3899    -2.4515    -4.2586  1  3    19.6323    12.5338
      59        9       16     0.1064    -0.0239     0.3638   -12.6568    -6.0302    -3.0532  1  3    18.8434    12.9231
      60        9       16     0.0432    -0.1092     0.0444     4.4437    -3.1942    -1.0461  1  3    19.3597    11.8413
      61        9       16     0.0391    -0.1742    -0.2344   -10.8152    -5.9130     1.3726  1  3    20.2645    12.1272
      62        9       16     0.2674    -0.0538    -0.1026     4.9301     3.9453    -0.4248  1  3    19.3749    12.3371
      63        9       16     0.2163    -0.1123     0.0517    -6.0614    -5.8172     2.3994  1  3    19.7162    11.5477
      64        9       16     0.4860    -0.3187    -0.0994     0.1946   -17.2846    -1.4017  1  3    19.8490    11.5328
      65        9       16     0.7868    -0.1367     0.0793   -12.3392     4.1076     1.3338  1  3    19.7137    11.4616
      66        9       16    -0.0861    -0.0524    -0.1336    -8.6899     9.2210    -2.7319  1  3    19.5811    11.5896
      67        9       16     0.2727    -0.2083    -0.4899     5.1839    -8.3261    -1.7561  1  3    20.1663    12.6680
      68        9       16     0.3672    -0.0771     0.1278   -22.2685   -11.2494    -1.8656  1  3    20.0202    11.8607
      69        9       16     0.0398     0.0027    -0.2336    -8.4090   -13.3941    -2.5171  1  3    19.0552    12.6989
      70        9       16     0.1063     0.0583     0.1433   -11.3653   -15.0208     2.1097  1  3    18.7594    12.5930
      71        9       16     0.2129     0.0771     0.5768    -6.2924   -18.8064     0.1656  1  3    18.3472    12.9653
      72        9       16     0.3728    -0.0473    -0.1291   -22.4963    -6.4598    -2.2038  1  3    18.6629    12.0036
      73        9       16    -0.1438    -0.0956    -0.4182    -6.4464     2.4645    -4.3968  1  3    20.4187    11.7607
      74        9       16     0.6638    -0.2272     0.8218   -23.8804     3.0000    -4.0571  1  3    20.3172    12.0187
      75        9       16     0.2986    -0.2412    -0.1817   -10.5187   -17.6986     3.2507  1  3    18.2914    12.0518
      76        9       16     0.0941    -0.0374     0.3544   -23.4374    -0.7468    -4.3376  1  3    18.2062    12.1266
      77        9       16     0.2775    -0.0119    -0.2836    -0.7386   -14.1006     0.4731  1  3    20.4307    12.0198
      78        9       16    -0.2287     0.1434    -0.4716     1.5538    -3.7107    -2.2522  1  3    18.6759    12.4087
      79        9       16    -0.0652    -0.0166     0.5718   -15.0950   -15.2696   -10.4440  1  3    19.2413    13.0393
      80        9       16     0.6713    -0.2298    -0.5555    -7.3324   -10.7327     0.0369  1  3    20.2950    11.6988
      81        9       16     0.3709    -0.2084    -0.1583    10.8430   -12.8442    -4.3147  1  3    20.0987    11.7106
      82        9       16     0.0836    -0.1176    -0.4659    -4.1282     8.8658     1.8344  1  3    19.5722    11.3630
      83        9       16     0.0145    -0.0484    -0.4370   -23.6451     4.5493     1.1240  1  3    19.3845    11.5750
      84        9       16    -0.1218     0.0310     0.1819    -1.4625   -11.3493     0.5699  1  3    18.8062    12.0117
      85        9       16    -0.2524    -0.1609    -0.4598   -11.5609   -16.6422    -2.6906  1  3    18.4348    11.5123
      86        9       16     0.3734    -0.1127    -0.0761    16.4208     0.4613    -1.5311  1  3    18.6887    11.6592
      87        9       16     0.0154     0.1050    -0.1819     7.2887   -16.3452     1.9085  1  3    19.2034    12.3530
      88        9       16     0.5287    -0.2343     0.0970     5.9236   -18.6883    -1.3937  1  3    20.7673    12.9243
      89        9       16    -0.3503    -0.1775     0.3776     3.2987    -3.4834    -0.8241  1  3    18.1341    12.4328
      90        9       16    -0.0509    -0.1491    -0.5613     1.4320    14.6645    -2.6615  1  3    18.2681    11.9129
      91        9       16     0.3660     0.0564    -0.4179     2.3572   -11.9913     6.2797  1  3    19.3900    11.9248
      92        9       16     0.5136    -0.0953    -0.7967    19.2381   -22.2710     2.3921  1  3    19.6863    12.3879
      93        9       16    -0.0385     0.1917     0.4939   -12.9194    -5.2844     1.7433  1  3    19.1535    11.9687
      94        9       16    -0.0522    -0.1689     0.1015    -3.4910   -10.2738    -6.3085  1  3    20.0625    12.3785
      95        9       16     0.1717    -0.0759    -0.1844    -9.2062    -8.5244    -0.2534  1  3    19.8388    12.0015
      96        9       16     0.1091     0.0038    -0.3077   -18.8884    -3.5009     1.5353  1  3    20.3371    12.1983
      97        9       16     0.3078    -0.2213    -0.8360     9.7216   -12.7203     1.1798  1  3    19.3450    11.8387
      98        9       16    -0.1203     0.0360    -0.1019     1.3414    -7.4779     3.5030  1  3    18.9468    11.6378
      99        9       16     0.7426     0.1431    -0.7309     4.2005   -14.6746     9.2265  1  3    19.9407    11.6190
     100        9       16     0.3546    -0.0146     0.0254    -8.6211    -9.1490    -1.4072  1  3    19.9224    11.7542
     101        9       16     0.3359     0.0436     0.0787   -10.4275    -4.3976     1.3262  1  3    18.6244    11.9625
     102        9       16     0.4833    -0.1072     0.5349   -13.1900     2.7378     1.7935  1  3    18.9405    11.4006
     103        9       16    -0.0738    -0.0206    -0.0993     9.7745   -29.9163     0.9389  1  3    19.9502    11.8619
     104        9       16     0.3337    -0.2907    -0.0144    -7.5598   -13.7477    -6.8256  1  3    20.2584    12.1245
     105        9       16     0.2991    -0.0633    -0.0383     5.0336   -18.2515     4.4764  1  3    19.0702    11.7286
     106        9       16     0.1165     0.0044    -0.4479    13.9429   -16.9886     2.1265  1  3    19.4940    12.5830
     107        9       16     0.4927    -0.2315    -0.7553    -0.5436   -19.8457     2.6875  1  3    18.6272    12.3723
     108        9       16    -0.0824    -0.0408    -0.1049    -0.6033   -13.0338    -4.0098  1  3    18.9479    12.5181
     109        9       16    -0.2050     0.1766    -0.0073   -11.6798    -9.6225     2.7965  1  3    20.4105    12.1365
     110        9       16    -0.2442    -0.0373    -0.7013    -3.9538     7.6356     0.3229  1  3    20.1785    11.9659
     111        9       16    -0.1316     0.0003     0.7099   -18.6442     2.5440    -1.5791  1  3    19.3169    11.8349
     112        9       16     0.1798    -0.0460     0.6314    -4.6618   -13.8147    -0.9321  1  3    19.5991    12.2362
     113        9       16     0.4459    -0.1013     0.2782   -23.7885    -4.6502    -1.4840  1  3    18.2415    11.7345
     114        9       16     0.2322    -0.1109     0.0076    -5.0012   -15.5953    -2.9974  1  3    18.7668    12.9498
     115        9       16     0.3247    -0.1842    -0.3289     2.2843    -4.9548    -0.7886  1  3    18.5117    12.4123
     116        9       16     0.0129    -0.1559    -1.1056    -0.1955    -6.9310    -1.1832  1  3    20.1679    11.9630
     117        9       16     0.0724    -0.0670     0.1203   -13.8565     1.7047    -2.6061  1  3    20.6278    12.4539
     118        9       16     0.1343    -0.0013    -0.0856    -9.0108    -6.6965     0.0231  1  3    19.8341    11.8316
     119        9       16    -0.6766    -0.0539    -0.1574    -3.8668    -0.8281    -3.1046  1  3    19.9791    11.8071
     120        9       16    -0.1469     0.0185    -0.5158    12.8623   -13.4178    -0.4537  1  3    19.7095    11.7973
     121        9       16     0.9130    -0.2657     0.2705   -21.8863   -11.3236    -3.5359  1  3    19.9331    12.3606
     122        9       16    -0.0056    -0.0464     0.5482    -3.5719   -11.0274    -0.8302  1  3    19.8586    11.5923
     123        9       16    -0.0383    -0.0407    -0.1154    -9.0260    -2.3839     0.8679  1  3    19.7567    12.0495
     124        9       16    -0.1095    -0.0385     0.0987   -19.1961    -0.4061    -5.0361  1  3    20.0044    12.2420
     125        9       16     0.4699    -0.1961    -0.7282   -14.2594    -3.1170     1.1094  1  3    18.7227    11.3587
     126        9       16     0.0511    -0.1528    -0.1623    -6.2113    -1.5329     0.6245  1  3    18.2871    12.0618
     127        9       16    -0.1096    -0.1163     0.0528    10.9399   -14.3381     0.3855  1  3    19.2937    11.4163
     128        9       16    -0.1291     0.1093    -0.2964     8.3191    -4.6068    -0.1897  1  3    19.7978    11.7996
     129        9       16    -0.6474    -0.2325    -0.5422    -9.6410    -2.1781    -2.0833  1  3    18.7080    11.2541
     130        9       16    -0.3045     0.0740    -0.3422     2.9264     5.8592     0.6428  1  3    19.3691    11.9399
     131        9       16    -0.3871     0.0592    -0.2211    -6.0392    -2.4731    -1.9267  1  3    20.2490    12.4161
     132        9       16     0.2551    -0.0666     0.2988    -5.2938   -14.9741     2.3972  1  3    20.2848    12.0069
     133        9       16    -0.2914     0.0080     0.2275   -25.0240    -7.0668    -1.0825  1  3    19.0651    12.1996
     134        9       16    -0.2255    -0.0259    -0.1131    -5.2436    -5.6713    -3.3396  1  3    19.3563    12.3438
     135        9       16     0.4327    -0.0917     0.1953     2.3052    -2.1230     1.7093  1  3    19.1193    11.4142
     136        9       16     0.4578    -0.0366     0.0520   -23.1033     9.8901    -1.2012  1  3    19.0107    11.7804
     137        9       16     0.0761     0.0869     0.1822    -7.1307     2.9473    -1.1429  1  3    18.6236    11.7832
     138        9       16     0.4187    -0.1792    -0.2734    -5.8675     8.1733    -4.1018  1  3    19.4210    12.1129
     139        9       16     0.1616    -0.1272    -0.2805     4.2976   -14.7764    -0.5344  1  3    18.8399    12.3291
     140        9       16     0.3002     0.1069    -0.0400    -3.4023   -10.9778     5.4879  1  3    18.1430    12.7689
     141        9       16    -0.0124    -0.0249     0.1248    -3.2662   -10.7051     3.4770  1  3    19.1955    12.0304
     142        9       16     0.3961    -0.0333    -0.1793    -7.3089    -8.8731     3.1050  1  3    19.7798    12.2139
     143        9       16     0.1622     0.1200    -0.3985    -8.0797    -5.1133     4.8259  1  3    20.1483    12.1364
     144        9       16    -0.1714     0.0414    -0.2631   -16.4896    -6.6457    -0.2586  1  3    18.9531    12.2430
     145        9       16    -0.2466    -0.0975    -0.3863    -7.4830   -10.0211     0.5445  1  3    19.0312    12.5222
     146        9       16     0.0711    -0.1358    -0.2525    -3.6904   -15.0192    -0.2059  1  3    19.1481    12.7601
     147        9       16     0.1690    -0.1374    -0.1624    20.0408     3.1549    -0.3609  1  3    19.2668    11.8979
     148        9       16     0.5235    -0.3335     0.0487    -2.4273   -15.1191    -6.4258  1  3    19.9215    12.4633
     149        9       16     0.2655    -0.0509     0.2830   -17.0912     6.9741     0.2036  1  3    18.6885    11.6057
     150        9       16     0.0446    -0.1559    -0.8698    -7.8389    -3.8763     0.7933  1  3    18.0724    11.9420
     151        9       16     0.1837    -0.0404    -0.9941     4.2890   -11.2113     5.0186  1  3    19.8673    11.7666
     152        9       16     0.3655     0.0155    -0.6894    15.6437   -17.9425     2.6227  1  3    19.5978    11.7886
     153        9       16     0.1765    -0.0633    -0.4320    14.1606    -3.7758    -2.7755  1  3    20.5911    11.9329
     154        9       16     0.0172    -0.1026     0.0452     8.6256     0.9069    -1.3876  1  3    18.6583    10.9114
     155        9       16     0.0004     0.0300     0.0335    -2.2886   -10.8810     1.6675  1  3    20.7334    12.3015
     156        9       16    -0.1028    -0.1046     0.4268    -1.9097   -11.9490    -4.5914  1  3    20.5432    12.5035
     157        9       16     0.2149    -0.0310     0.4056    -7.3017     4.9720    -2.0111  1  3    19.3005    11.9989
     158        9       16    -0.1586    -0.2064    -0.4096    -2.5935     5.3375    -5.2211  1  3    18.4805    11.1819
     159        9       16     0.2114    -0.1132    -0.2278    14.7273   -17.6706     1.4343  1  3    19.0453    12.1265
     160        9       16     0.2989    -0.1078     0.1172     3.4912     1.7839    -6.2363  1  3    19.7706    11.9536
     161        9       16    -0.0618     0.1686     0.2974    -5.9463   -10.4764     2.3011  1  3    20.2864    11.8384
     162        9       16     0.2163    -0.1370    -0.1582   -16.0859    -2.1551    -2.7317  1  3    19.9815    11.9911
     163        9       16     0.9618    -0.1014    -0.6382     1.0898   -16.1608     7.3797  1  3    19.4301    11.0670
     164        9       16     0.5024    -0.2883    -0.0747    -6.6016   -16.7304     1.0076  1  3    19.7151    11.9393
     165        9       16     0.0844    -0.1254     0.1714    -6.4281     6.5784    -3.2879  1  3    19.4114    11.4072
     166        9       16     0.1059    -0.0557     0.3676   -10.9531     8.6561     1.4469  1  3    18.7862    10.9643
     167        9       16     0.0666     0.0381    -0.1862   -14.3930   -14.0283     5.9524  1  3    19.9810    11.5468
     168        9       16     0.6167    -0.2656     0.2219     3.9924    -3.1303     1.9478  1  3    18.9825    11.1384
     169        9       16     0.0379    -0.1844    -0.6509     0.3434    -0.0593    -2.1176  1  3    19.3333    11.4794
     170        9       16     0.0082     0.0362     0.4459   -24.6884     4.7775    -1.2055  1  3    19.1533    11.5983
     171        9       16     0.3417    -0.0229    -0.3582   -15.7055    -0.3230     5.7583  1  3    19.1972    11.3173
     172        9       16    -0.1480     0.0054     0.2486   -20.1376    -8.2499     2.1068  1  3    19.5801    11.6841
     173        9       16     0.2134     0.0107    -0.3662    -5.9668     0.5562    -3.5563  1  3    18.0385    11.3200
     174        9       16     0.0561     0.0054     0.3771    -3.1308   -15.8017     0.1833  1  3    19.1732    11.7410
     175        9       16     0.3358    -0.0521    -0.0727   -10.7580   -13.8663    -1.3452  1  3    18.8392    12.3821
     176        9       16     0.0251     0.0690     0.3230    -8.4774    -9.5088     2.6789  1  3    18.3713    12.1990
     177        9       16     0.7053    -0.2338    -0.0240    -0.1757    -5.3633     1.8401  1  3    18.2976    12.2532
     178        9       16     0.1543    -0.1636    -0.8048     9.4006   -21.7603    -3.0465  1  3    19.3791    12.4478
     179        9       16     0.3161    -0.1566     0.1123     3.7549    -2.8085    -2.9329  1  3    17.5802    12.5520
     180        9       16     0.3724    -0.0535     0.0995    -0.9322    -1.4221    -3.2120  1  3    18.8892    12.1804
     181        9       16     0.1977    -0.0733     0.3710    -3.0964    -2.0367    -1.3738  1  3    19.4302    12.3532
     182        9       16     0.2612    -0.0935     0.0869   -13.7467    -0.7612    -1.8210  1  3    19.2084    12.9074
     183        9       16     0.3875    -0.0310     0.0126    -2.5045   -14.6491     1.9372  1  3    18.7016    12.3949
     184        9       16     0.0438    -0.2012    -0.1360    -6.5559    -3.0686    -3.9982  1  3    17.4579    11.9480
     185        9       16     0.2171     0.1085    -0.2939    -4.0263    -4.4747     1.2573  1  3    19.6733    13.1230
     186        9       16    -0.0918     0.0735    -0.6711     8.2095    -6.2856    -3.3284  1  3    19.0943    12.9023
     187        9       16     0.0359    -0.1166     0.2923    -9.1667    -8.5017     0.1806  1  3    18.9505    12.1523
     188        9       16     0.3531    -0.0017     0.3026   -10.7529   -17.1981     0.6357  1  3    19.3035    12.5383
     189        9       16     0.2732    -0.0707    -0.0078     1.1563   -24.7818     2.7631  1  3    18.8913    12.4930
     190        9       16    -0.1623    -0.0690    -0.4914     1.1602   -24.2510     4.2526  1  3    19.2659    12.0278
     191        9       16     0.1502     0.0826    -0.3544     2.8722     0.9318     1.5345  1  3    18.9291    12.5091
     192        9       16     0.2548    -0.1687     0.3952   -15.5784    -7.0902    -4.1169  1  3    19.8622    12.8429
     193        9       16     0.0990     0.1522     0.2083    -4.8373   -13.8672     2.2838  1  3    19.9096    13.0408
     194        9       16    -0.0676    -0.0828    -0.0813     2.5008   -13.4005     1.3610  1  3    18.6466    11.9621
     195        9       16    -0.0994     0.2370    -0.2733    -0.1487    -2.5807     4.9036  1  3    19.3223    11.9704
     196        9       16     0.5804    -0.2516    -0.4348    -3.1343    -2.9151    -0.5966  1  3    19.8357    11.7678
     197        9       16     0.2168    -0.0727    -0.3463   -11.9800    -5.9616     0.2083  1  3    19.1708    12.4234
     198        9       16    -0.5234    -0.0621    -0.4837   -11.4973   -12.0884     0.0827  1  3    19.2777    12.4879
     199        9       16     0.2300    -0.1407     0.0107   -24.7387     0.3391    -1.1966  1  3    19.0157    12.5754
     200        9       16     0.2251    -0.0548    -0.1102     2.1316   -11.9864    -0.1026  1  3    19.8841    12.5284
     201        9       16     0.2308    -0.1583    -0.4716     1.3671     3.2487    -1.6679  1  3    18.3216    11.9448
     202        9       16     0.4777    -0.0399     0.3459   -11.4165   -12.1268     2.5384  1  3    18.6887    12.3678
     203        9       16     0.1086     0.0805    -0.1007    -1.5849    -4.7037     0.9238  1  3    19.0127    11.8016
     204        9       16     0.4729    -0.0723    -0.3178     3.9247     0.9023     1.1677  1  3    19.8769    12.1625
     205        9       16     0.1607    -0.2310     0.3607   -13.8367   -19.5924    -1.6351  1  3    19.0355    12.5508
     206        9       16     0.2623    -0.0722     0.3511   -24.0974    -4.3901     2.6465  1  3    19.3388    12.1916
     207        9       16     0.2434    -0.1894     0.2340    -1.2759   -16.0738    -2.0696  1  3    19.0098    13.0616
     208        9       16     0.5303     0.0532     0.0760    -6.8928     6.1216     3.1031  1  3    19.9831    11.6400
     209        9       16     0.5142    -0.1916    -0.8179     3.9469    -8.7118     2.0820  1  3    20.1338    11.7999
     210        9       16     0.1615    -0.1549     0.1992     1.1838    -5.3916    -0.2544  1  3    19.2730    10.8310
     211        9       16     0.0630    -0.0501     0.1033     2.8124     4.8187    -0.7065  1  3    18.6860    12.6383
     212        9       16    -0.0196    -0.0389     0.0129   -24.1124    -9.3043     6.7260  1  3    19.0100    11.9112
     213        9       16     0.0732    -0.0625     0.2181    -9.9405    -2.4773    -2.1160  1  3    18.3572    11.8423
     214        9       16    -0.2199    -0.0318    -0.0602    -4.4090   -17.1195     2.6741  1  3    18.7482    11.7279
     215        9       16     0.3522    -0.1051     0.8862   -12.8786    12.2631     2.6366  1  3    19.6648    11.7682
     216        9       16     0.3759     0.1092    -0.1953   -15.5294   -10.7864     6.1408  1  3    19.0573    11.5718
     217        9       16     0.2817    -0.0654    -0.3640    21.9210   -20.2170    -2.6269  1  3    18.7792    12.0903
     218        9       16     0.1996    -0.0361     0.5914   -10.4978   -11.1255    -0.2836  1  3    18.9167    12.4641
     219        9       16     0.4178     0.0139    -0.1601   -14.3189     2.5680     3.5529  1  3    19.2057    12.1231
     220        9       16     0.4721    -0.0735     0.5324    -3.7176   -13.3151     1.5732  1  3    20.1182    12.8656
     221        9       16     0.1847    -0.0207     0.1315   -19.9167    -4.2290    -6.3073  1  3    19.1222    12.1679
     222        9       16    -0.0778    -0.0303    -0.0192    -0.7418   -13.3397     2.9267  1  3    19.1573    12.3336
     223        9       16     0.6210    -0.0373     0.2153     0.3285    -5.4261     4.3589  1  3    19.7582    12.1036
     224        9       16    -0.0651    -0.0935    -0.6702    -8.6588   -10.3264     3.0347  1  3    19.7114    11.6454
     225        9       16    -0.7290    -0.0750     0.6863   -10.5371   -30.7128    -1.1899  1  3    18.7311    12.0378
     226        9       16     0.2133    -0.1790    -0.0679    17.5862   -28.6670    -1.9460  1  3    20.2783    12.0417
     227        9       16    -0.1543     0.1112     0.6030    -9.0658     0.9799     1.0951  1  3    19.0830    11.6456
     228        9       16    -0.2078     0.0100     0.2249   -11.2380    -9.7908     0.2992  1  3    20.1177    12.2641
     229        9       16    -0.3444    -0.1469    -0.3259     3.8199   -21.7280    -0.6949  1  3    19.9835    12.1878
     230        9       16     0.3910    -0.0945    -0.2718    -8.0050   -20.0823     0.9578  1  3    20.1260    12.0312
     231        9       16    -0.1160    -0.0472     0.3904    -5.9691    -8.5440    -1.1309  1  3    20.8145    12.3261
     232        9       16     0.6655    -0.2146     0.2587    -3.5791    -6.9998    -1.0211  1  3    19.1474    11.4941
     233        9       16     0.3510    -0.0668     0.2666   -19.0633    -1.2907     1.3324  1  3    20.2307    11.8642
     234        9       16    -0.4654    -0.0265     0.3174   -31.5345    -2.0072    -2.2484  1  3    20.1178    11.9384
     235        9       16    -0.0983     0.2530     0.4317    -8.7258   -13.0806     3.4678  1  3    19.4992    12.6516
     236        9       16    -0.3466     0.1433     0.3270     2.6985   -15.6740     2.6072  1  3    18.6865    12.3451
     237        9       16     0.2888    -0.1180     0.4522   -10.5369   -24.9419     0.1992  1  3    18.5616    12.2575
     238        9       16     0.6589    -0.1237    -0.4227     1.3879   -12.1471     5.7527  1  3    18.5141    11.7161
     239        9       16    -0.3140    -0.0907     0.0240   -12.3868   -10.3106     2.1716  1  3    19.6224    11.8812
     240        9       16     0.3125    -0.0325    -0.1746    -2.0101   -23.9836     6.2746  1  3    19.5003    11.9567
     241        9       16     0.4610    -0.0516    -0.1952   -10.6696     1.7230     5.8997  1  3    19.2988    11.9590
     242        9       16     0.1748    -0.1474    -0.6909    13.0540   -10.6380    -2.2861  1  3    19.2763    12.8271
     243        9       16     0.4053    -0.0721    -0.4032    17.2585    -3.8724     2.3000  1  3    18.5872    11.8450
     244        9       16     0.0347     0.0505    -0.0506    10.3197   -17.0908     3.8827  1  3    19.3317    11.9880
     245        9       16     0.3599    -0.1396    -0.4946   -15.9417    -9.5597     0.0648  1  3    19.2703    11.6795
     246        9       16    -0.1517    -0.0028    -0.3688    11.4805   -16.8464     4.9113  1  3    20.1916    12.0928
     247        9       16     0.8102    -0.0552     0.0394   -22.8958     4.8063    -6.4768  1  3    20.0621    11.9359
     248        9       16    -0.2110     0.1553     0.4724    -6.7343    -5.5504     5.4432  1  3    18.6641    11.4010
     249        9       16     0.0443     0.0108     0.1801   -10.7824   -10.1435     2.6961  1  3    18.6257    11.8812
     250        9       16     0.3630    -0.1942    -0.4140     6.2446   -18.3013     1.4079  1  3    17.7914    11.8821
     251        9       16     0.6067    -0.2790     0.6876     0.7763   -12.9223     1.1301  1  3    18.3635    11.7320
     252        9       16     0.2739    -0.0388    -0.0078    11.5818   -24.0473     5.7437  1  3    18.8600    12.4160
     253        9       16    -0.4050    -0.1518     0.0958   -12.2755     0.4234    -4.4145  1  3    18.4554    12.3394
     254        9       16     0.3203    -0.0654    -0.2258   -12.8737    -5.4033     4.4169  1  3    20.1946    11.7647
     255        9       16     0.2160    -0.0168    -0.5237     8.0988   -19.4104     2.9508  1  3    19.8392    12.0352
     256        9       16    -0.1301     0.0439     0.3263    -7.8314   -18.3472     1.5164  1  3    17.6693    12.3673
     257        9       16     0.6827     0.0113     0.0064   -20.9729   -13.3089     5.5458  1  3    18.8865    11.4158
     258        9       16     0.0015    -0.1565     0.6189   -15.6939   -27.6161     1.2215  1  3    18.7372    12.4290
     259        9       16    -0.1742    -0.0598     0.0947   -20.6886   -16.7812     1.7069  1  3    18.8196    12.1797
     260        9       16     0.0145    -0.1187    -0.0215   -13.3526    -2.9790    -3.1045  1  3    18.5456    12.0411
     261        9       16    -0.0853    -0.0665     0.1956   -10.1064    -8.3726    -1.6949  1  3    21.0589    12.7082
     262        9       16     0.3788    -0.1791    -0.4105     0.1954    -4.1235     1.6248  1  3    18.3627    12.3707
     263        9       16     0.2775    -0.0553     0.0516     0.6003    -7.2369    -5.3386  1  3    19.4407    12.5737
     264        9       16     0.2825    -0.1778    -0.3360    -8.0591     2.9714    -4.6627  1  3    19.0732    12.6286
     265        9       16     1.0315    -0.0575     0.0803   -15.9319    -4.8108     5.2421  1  3    17.7843    11.5832
     266        9       16     0.4045     0.0842     0.1596   -22.8477     3.1378     2.3830  1  3    18.0666    11.5908
     267        9       16     0.6140    -0.2087    -0.1697    10.0418   -20.4410     4.0642  1  3    17.6916    11.3888
     268        9       16     0.3217    -0.0272    -0.1247    10.2617    -3.2550     1.0462  1  3    18.7444    12.4040
     269        9       16    -0.3850    -0.1144     0.4980    -5.2896    -7.4625    -2.8704  1  3    18.4996    12.3416
     270        9       16     0.3701    -0.0777    -0.6375     4.7358   -18.8929     4.4640  1  3    19.7229    11.7441
     271        9       16     0.4470    -0.1721    -0.3679    15.5665   -14.5329    -0.3285  1  3    19.4661    12.0059
     272        9       16     0.3444     0.1196    -0.4754    19.7519   -13.1827     4.7985  1  3    19.8663    12.1793
     273        9       16    -0.0857    -0.1639    -0.0215    -3.4856   -14.9198    -2.6017  1  3    19.5240    11.8688
     274        9       16     0.1549     0.1649     0.3903   -38.9486     7.7472     1.4331  1  3    19.0374    11.2982
     275        9       16     0.0478     0.0166    -0.2251     0.0094   -19.2821     1.0176  1  3    20.3331    12.1279
     276        9       16     0.3118    -0.0913     0.5518    -9.4947    -4.6697     1.5491  1  3    19.6286    12.0880
     277        9       16     0.5357    -0.1313    -0.5891     0.4578   -11.2889     1.8110  1  3    20.2427    11.9114
     278        9       16     0.0710    -0.0718     0.0354   -16.9884    -8.3547     2.9957  1  3    19.1329    11.7134
     279        9       16     0.1842     0.0809    -0.0665     0.3200     3.8176     5.0029  1  3    18.8854    11.1883
     280        9       16     0.3362    -0.0155    -0.1407     1.4532   -17.1439    -3.6641  1  3    20.0107    13.0820
     281        9       16    -0.0048    -0.0094    -0.6593     6.3362    -9.8554    -0.4901  1  3    18.7298    11.6152
     282        9       16     0.0620    -0.2141    -1.1121    14.6748   -19.0320     7.3482  1  3    19.1397    11.9410
     283        9       16    -0.3389    -0.0009     0.6639   -14.1302    -2.0898     0.5131  1  3    18.7396    11.6281
     284        9       16    -0.1563    -0.0534    -0.3041    20.4984   -25.2816     1.0131  1  3    19.8310    11.6795
     285        9       16     0.0915    -0.1226    -0.5220     7.1711   -14.5562     3.4994  1  3    19.4406    11.4155
     286        9       16    -0.2131    -0.0829    -0.5877     8.7393   -16.5693     4.5951  1  3    18.8497    11.9320
     287        9       16     0.0973    -0.1136     0.4112    -2.2451    -3.0874    -1.5908  1  3    19.6364    12.0245
     288        9       16     0.5466    -0.2130    -0.1949    -2.5469     0.9176    -0.4456  1  3    18.9128    11.1270
     289        9       16     0.4184    -0.0009    -0.2361     9.5469     2.4744     3.6681  1  3    19.2551    11.8042
     290        9       16    -0.1901     0.0806     0.7130   -15.9761    -9.5023    -1.1291  1  3    20.4103    12.0949
     291        9       16    -0.0627     0.0645     0.0092   -12.1088   -17.6283     3.8864  1  3    19.8555    11.9554
     292        9       16     0.6184    -0.2009    -0.8799     7.9074    -8.4277     5.2950  1  3    19.8778    11.5876
     293        9       16     0.2727    -0.1063    -0.1836     2.1444   -22.6292     1.5382  1  3    20.2256    12.1838
     294        9       16     0.4188    -0.1154    -0.3367    -0.6973   -10.2385     1.9383  1  3    18.0300    12.1382
     295        9       16     0.2836     0.1332     0.0714    11.6961   -23.6327     4.5668  1  3    19.8715    12.7678
     296        9       16    -0.1967     0.0813    -0.4221     3.6491    -0.7532    -3.4987  1  3    19.8762    12.6549
     297        9       16    -0.3929    -0.1259     0.3241     0.9926   -11.7409    -4.6991  1  3    20.1143    12.3315
     298        9       16     0.0829    -0.0585     0.3212     6.6625     1.4055     3.7352  1  3    19.4987    11.4970
     299        9       16     0.4388     0.0200     0.0096    -2.8800    -3.6218     2.7545  1  3    20.1434    11.7496
     300        9       16    -0.3157    -0.0638     0.0165   -12.3045   -16.4955     0.2493  1  3    19.7422    12.0436
     301        9       16     0.8702    -0.0074    -0.4480    -6.6168     0.7941     5.2653  1  3    19.9301    11.5503
     302        9       16     0.1939    -0.1005    -0.7438    -8.6926    11.0993     1.7008  1  3    20.1402    11.9677
     303        9       16     0.4546    -0.2363     0.7232    -9.7696    -5.6777    -0.1635  1  3    19.9845    11.5606
     304        9       16     0.0701    -0.1210    -0.0724    -9.0630   -15.7664     2.2698  1  3    20.5259    12.2318
     305        9       16     0.3249    -0.2115    -0.0634     4.1475   -14.6449    -1.0260  1  3    18.8432    12.5287
     306        9       16    -0.0145     0.2786     0.0343   -16.1464    -9.6108     6.9935  1  3    19.2726    11.8445
     307        9       16     0.2289    -0.0479    -0.1951    -7.5174    -7.1356     0.6074  1  3    19.3244    11.9830
     308        9       16    -0.2513    -0.1207    -0.4923   -14.5284     2.0657     0.8279  1  3    20.1033    12.1013
     309        9       16    -0.6674    -0.0952    -0.7351     6.2436    -5.1452    -0.2379  1  3    18.9806    12.0697
     310        9       16     0.0646    -0.1749    -0.6651    13.0176    -9.0550    -2.8893  1  3    18.7714    11.7224
     311        9       16     0.5942    -0.0745    -0.3043    -7.1432    -4.8554     2.1334  1  3    20.2550    12.0941
     312        9       16    -0.0524    -0.0009     0.1871    -1.4684   -22.3722     7.0038  1  3    20.0475    11.6405
     313        9       16    -0.3656     0.1344     0.1321   -22.9338    -5.7544     5.7162  1  3    20.2702    11.5665
     314        9       16    -0.3091     0.0473     0.4497   -14.1516    -4.8992    -3.4879  1  3    18.7865    12.5442
     315        9       16    -0.0356     0.1799     0.3672    -9.5447    -7.9792     5.7127  1  3    20.9759    13.0525
     316        9       16     0.0321    -0.1675    -0.0185    -3.7273    -6.0760    -2.1527  1  3    20.0436    11.6135
     317        9       16     0.0391    -0.1070    -0.0797     7.1527   -18.3405    -4.1688  1  3    19.8686    12.1129
     318        9       16     0.4095    -0.0385    -0.3720     9.0740     1.0349     2.9759  1  3    19.0851    11.9901
     319        9       16     0.2852    -0.0422    -0.1721    -2.7945     9.4474     0.7790  1  3    18.7938    11.6202
     320        9       16    -0.0272     0.0419     0.0020     4.9350    -6.7151     4.2861  1  3    18.2539    11.2891
     321        9       16     0.1776     0.0125     0.0614   -13.3865   -12.9514     1.1768  1  3    18.6021    12.2104
     322        9       16     0.1559    -0.0914     0.1083    -3.3497   -11.8817     3.5187  1  3    19.5512    12.4763
     323        9       16     0.0231     0.0700     0.0816   -17.2640   -10.6874     4.8778  1  3    18.0546    11.8077
     324        9       16    -0.1645    -0.0626    -0.2666    -7.4201    -3.8849    -1.7810  1  3    18.5199    12.6283
     325        9       16    -0.0181     0.0179     0.3017   -15.4136    -5.6519    -3.6646  1  3    20.9608    12.3798
     326        9       16    -0.1126    -0.0416     0.3339    -9.9327    -8.2402    -2.4190  1  3    19.5273    12.3148
     327        9       16    -0.1403     0.2294     0.0689     6.1793   -11.4020     4.9834  1  3    19.3040    12.5170
     328        9       16     0.7355    -0.2224     0.3971    -8.0379   -21.7066     3.6129  1  3    19.2247    11.9600
     329        9       16     0.4404    -0.0369    -0.0296   -27.1148   -13.3072     1.5429  1  3    18.7617    12.1262
     330        9       16     0.8568    -0.2888     0.1305     3.7877    -6.2674    -2.9250  1  3    20.0634    11.9291
     331        9       16     0.5111    -0.1953     0.2202    -3.1858   -12.3068     1.3938  1  3    18.9558    12.0036
     332        9       16     0.2364    -0.0583     0.1808    -3.6171   -20.2343     0.0805  1  3    19.3851    12.4366
     333        9       16     0.1718     0.1011     0.0997    -8.8567   -20.1611     0.8375  1  3    19.9550    12.2528
     334        9       16    -0.0693    -0.0257    -0.3594     6.3174   -23.3296     2.2528  1  3    19.7751    12.6600
     335        9       16     0.6442    -0.2588     0.0105     0.5775   -15.0382    -2.0238  1  3    19.3975    11.9864
     336        9       16     0.7872     0.0589    -0.3875    -8.5593    -4.9440     9.1560  1  3    19.9363    11.3919
     337        9       16     0.1445     0.0442    -0.0524     7.3509    -2.4088     0.0878  1  3    19.8012    12.0902
     338        9       16     0.5927    -0.0672    -0.2359     3.6532    -6.2949     0.8381  1  3    19.5773    11.8776
     339        9       16     0.2501    -0.0455    -0.2472     0.9333   -14.3976     1.4404  1  3    20.0959    11.8986
     340        9       16     0.2221    -0.0758    -0.1541    -3.8625     3.7960    -0.5375  1  3    19.9296    11.6793
     341        9       16     0.3890    -0.0914     0.4654    -5.0954    -8.7545    -1.5107  1  3    19.6698    12.0680
     342        9       16     0.4578    -0.0209     0.0294    -6.9468   -19.8669     0.9335  1  3    19.6817    12.2642
     343        9       16    -0.2772     0.0340    -0.1631    -5.4729    -2.2979     0.1259  1  3    18.7948    11.9946
     344        9       16    -0.3665     0.0737     0.1895    -3.0134   -19.2215     2.6739  1  3    18.5369    12.4202
     345        9       16    -0.4287    -0.1377     0.8838   -18.1151   -25.3023    -5.1252  1  3    17.7433    12.6574
     346        9       16    -0.0838    -0.1009     0.4242   -11.7847   -14.2539    -2.7366  1  3    17.7818    12.2908
     347        9       16    -0.2516     0.0304     0.1163    -9.2618    -8.0122    -2.8395  1  3    19.2274    12.7347
     348        9       16    -0.2937     0.0594     0.5660   -12.4972   -13.3672    -5.3229  1  3    20.1999    12.8119
     349        9       16    -0.0533     0.0012    -0.2641    -9.4896    -5.0188    -1.3509  1  3    18.9185    12.5418
     350        9       16     0.4441    -0.2517    -0.9267    -3.6084     5.8506    -2.2151  1  3    19.4288    11.3697
     351        9       16     0.3881    -0.0461    -0.3705     6.2816     7.1971    -3.0426  1  3    18.6895    11.8259
     352        9       16     0.1357     0.0760     0.4025   -20.5900     0.1381    -1.2669  1  3    19.6345    11.4027
     353        9       16     0.1761    -0.1484     0.1285     1.9546    -9.8926    -0.5132  1  3    19.6601    11.9176
     354        9       16    -0.1732    -0.0562    -0.8409    12.0820   -15.8872     2.6832  1  3    20.3640    12.1427
     355        9       16    -0.0928     0.1771    -0.1167    -5.1432     2.9628     2.6906  1  3    19.7170    11.6505
     356        9       16     0.3655    -0.0621    -0.1611    -3.6508    -6.1693     2.8792  1  3    19.5890    11.9031
     357        9       16    -0.0794     0.1754    -0.3623   -15.4268    -3.9122     3.7925  1  3    19.5721    12.1884
     358        9       16    -0.0256     0.1212     0.0023   -16.1278   -11.9820    -1.6148  1  3    19.9909    11.7467
     359        9       16    -0.0705     0.0619     0.5327     0.8620   -12.4615     0.6881  1  3    19.5121    12.1086
     360        9       16     0.3381     0.0724    -0.2445     3.7648   -18.6386     2.3475  1  3    18.9608    11.5534
     361        9       16    -0.0380    -0.1000    -0.1024    -4.7748    -6.0306    -0.5452  1  3    20.0573    11.9017
     362        9       16     0.0542    -0.2089    -0.3592    -5.1643    -5.4711     1.3008  1  3    19.8200    12.0112
     363        9       16     0.1801    -0.0640    -0.4395   -13.1253    13.7995    -0.9817  1  3    20.5245    12.0097
     364        9       16     0.6391    -0.0816    -0.0166   -13.5646    -6.1863    -1.2281  1  3    19.9187    12.0191
     365        9       16     0.2958    -0.0257    -0.4160   -11.1040   -15.4430     1.4980  1  3    19.7277    12.2768
     366        9       16     0.3980    -0.2548    -0.0351    -2.7709   -18.9097    -1.2099  1  3    18.6086    11.7432
     367        9       16     0.4446    -0.0013    -0.0874   -10.2112    -5.9554     0.4623  1  3    19.6639    11.9647
     368        9       16    -0.0109    -0.0570     0.1586    -3.3339   -13.6982     4.8436  1  3    19.4921    12.5071
     369        9       16     0.1127    -0.0850    -0.3073     0.3890    -0.9453     2.0664  1  3    18.7885    12.1170
     370        9       16     0.1654     0.0053     0.3417   -17.3420   -13.9316    -3.7442  1  3    18.8371    12.1592
     371        9       16     0.1255    -0.2124     0.5353    -9.2815     6.2577    -3.5586  1  3    18.7871    12.0514
     372        9       16     0.3938    -0.1203    -0.3659    -2.9142    -6.1714     0.8049  1  3    18.5343    11.5741
     373        9       16     0.0924     0.0680    -0.0195    -2.0990    11.1658     4.0250  1  3    18.7503    11.7231
     374        9       16    -0.0214    -0.1594    -0.5839     9.8758     4.3625    -0.8809  1  3    20.3611    12.0608
     375        9       16     0.4999    -0.1909    -0.0888    -5.6350     0.2509    -4.3851  1  3    18.9216    11.9341
     376        9       16    -0.1222    -0.0016     0.2475   -23.5118   -11.1059    -4.4386  1  3    19.3440    12.7437
     377        9       16    -0.2031     0.0175     0.2363    -1.4566   -24.6987    -0.3620  1  3    18.8577    12.9021
     378        9       16     0.0502    -0.0658     0.0655    -9.8449   -14.6524    -1.0346  1  3    19.5753    12.7164
     379        9       16     0.2611     0.1475     0.0960   -12.9460     4.9044     3.5709  1  3    17.9759    11.4128
     380        9       16    -0.0286     0.0324    -0.2694     3.2954    -1.1278     1.3685  1  3    18.1123    12.0697
     381        9       16    -0.3026     0.0714    -0.1727   -11.8387    -4.0633     1.3314  1  3    19.3913    11.9986
     382        9       16     0.0853    -0.0323     0.5185   -11.6369    -1.6051    -1.3006  1  3    19.6403    11.7144
     383        9       16     0.0365    -0.1610     0.3429   -10.8355    -7.8052    -0.5039  1  3    20.0634    12.5784
     384        9       16     0.1492     0.1534    -0.7086    -6.2493    -2.4003     4.2294  1  3    19.4808    12.3214
     385        9       16     0.1157    -0.0570     0.5156   -12.6649    -6.2776     1.4668  1  3    19.0286    12.2147
     386        9       16     0.2154    -0.1750    -0.0488    14.0020    -5.4899     0.4125  1  3    18.7191    12.1345
     387        9       16    -0.2524     0.2239     0.3456   -25.2766     6.6226     0.2750  1  3    19.2866    12.1432
     388        9       16    -0.2153     0.0809    -0.6273    -3.3706    -7.5829     4.2800  1  3    19.1017    12.0423
     389        9       16     0.0150    -0.0902    -0.0126    -4.5534   -18.9152    -0.9064  1  3    20.1322    13.0618
     390        9       16     0.4786     0.0417     0.1663    -7.4091    -1.4467     4.9746  1  3    18.6915    12.3723
     391        9       16     0.3332    -0.1918    -0.1757    -3.9005     3.6819    -2.7118  1  3    19.0279    12.4271
     392        9       16    -0.1155    -0.2582     0.6174   -10.2776   -14.3531    -4.7085  1  3    17.4602    12.3957
     393        9       16     0.0621    -0.1024    -0.1522    -2.4039   -11.8444    -7.8906  1  3    18.1753    13.2120
     394        9       16     0.1714    -0.0844    -0.0986     0.8220    -1.9287    -3.8313  1  3    18.9874    12.1142
     395        9       16     0.3831    -0.1213     0.3550    -4.9974    -0.2281    -2.1728  1  3    18.6982    12.1238
     396        9       16     0.2683    -0.0981    -0.3175    -7.6371    -8.7091    -0.6023  1  3    19.1885    12.2057
     397        9       16     0.2539    -0.1460    -0.4202    -6.0166   -13.8412     6.3547  1  3    17.8638    12.1249
     398        9       16    -0.0999    -0.1016    -0.0876    -0.2263     2.3273    -4.4904  1  3    18.2096    11.8675
     399        9       16    -0.4614    -0.0198    -0.2629    -8.6128   -10.5457    -2.6518  1  3    19.9329    12.3216
     400        9       16    -0.4178    -0.1093     0.0791   -13.5255    -4.9271    -0.6625  1  3    19.9156    11.7743
     401        9       16    -0.5684    -0.0910     0.0261     2.8262   -16.3790    -2.8186  1  3    20.4649    12.5708
     402        9       16    -0.0776     0.0030    -0.2455    -4.4321   -15.3599     3.0048  1  3    19.2432    12.1334
     403        9       16     0.2368     0.0017     0.1362     0.8578    -3.9966    -2.1089  1  3    19.2647    12.0855
     404        9       16     0.2922    -0.1983    -0.9192    19.3485   -12.9073     1.8615  1  3    18.1079    12.4076
     405        9       16     0.8374    -0.2228     0.3674   -12.6008    -5.8547     0.4089  1  3    18.8935    12.2588
     406        9       16    -0.0359     0.0246    -0.0012   -20.9258   -10.4810     1.1355  1  3    18.0160    12.2215
     407        9       16    -0.0886    -0.0408     0.2475     4.3703    -4.1865    -1.6035  1  3    19.6586    11.9827
     408        9       16     0.4172    -0.2220    -0.9842     2.2465     4.1921    -1.4455  1  3    19.9744    11.6789
     409        9       16     0.3405     0.1832    -0.0521     3.2900     6.6999     1.3548  1  3    20.1390    11.7193
     410        9       16     0.1748    -0.1545    -0.3952    -1.2435    -5.1482    -2.0375  1  3    19.5455    11.7144
     411        9       16     0.2997    -0.2403    -0.1773    -2.6497   -10.2013    -2.8700  1  3    19.4648    11.8234
     412        9       16     0.5440     0.0377    -0.4358    -6.4862     6.7289    -3.2822  1  3    19.9514    12.5162
     413        9       16     0.1052     0.1467    -0.0083     1.8014    -3.4346    -0.1521  1  3    18.0130    12.7145
     414        9       16    -0.1027     0.0394     0.1125    -2.8319    -8.9086    -1.0116  1  3    18.9750    12.6183
     415        9       16     0.9305    -0.2649    -1.3347    13.1658   -14.5431     4.1823  1  3    18.6617    11.9045
     416        9       16     0.4529    -0.0708    -0.1093    -1.3397    -8.7962    -1.4988  1  3    19.1524    12.3977
     417        9       16    -0.0258    -0.1168    -0.1938     4.2080   -17.5004    -3.0747  1  3    18.3751    12.2085
     418        9       16    -0.4750     0.0156     0.9426   -12.1258     0.6750    -5.3209  1  3    18.4093    12.3366
     419        9       16    -0.2609    -0.0948     1.1102    -8.7278   -16.3163    -4.9239  1  3    18.2745    12.8382
     420        9       16     0.0794    -0.0754    -0.4708    -9.5119    -5.3172     0.5461  1  3    18.7964    11.7882
     421        9       16    -0.0562     0.0700    -0.4705    24.6722   -15.3222     3.5763  1  3    18.3103    11.6640
     422        9       16     0.2549    -0.1606    -0.9300    12.9477     0.4414     1.5869  1  3    19.7386    11.7247
     423        9       16     0.4807    -0.1874    -0.0244   -13.4503     1.7943    -0.2928  1  3    19.3847    10.9977
     424        9       16    -0.0873    -0.0158    -0.4831     3.2469   -19.2335     0.3724  1  3    20.1977    12.4204
     425        9       16     0.1376    -0.0520    -0.0204   -23.1651    -9.2946     0.2884  1  3    19.9058    12.2221
     426        9       16    -0.2007    -0.1029     0.0297   -14.0064    -8.8210    -3.4378  1  3    18.3062    11.5336
     427        9       16     0.3136    -0.0428     0.0266     1.6976    -5.5994     2.2584  1  3    18.8148    12.3198
     428        9       16     0.4212    -0.2084    -0.5990    -0.9453     0.0844    -1.2788  1  3    19.7191    12.8712
     429        9       16    -0.0681     0.0605     0.1070   -15.4639    -0.4101    -2.0416  1  3    19.6371    12.5046
     430        9       16     0.3464    -0.1049     0.2731   -22.4355   -16.5489    -1.2528  1  3    18.5791    12.2932
     431        9       16    -0.1057     0.0283     0.2632     3.3483    -7.9070     0.0683  1  3    18.2470    12.5680
     432        9       16    -0.1234     0.0416     0.4444   -21.1793    -5.1267    -2.0835  1  3    19.1911    12.3350
     433        9       16     0.1461    -0.1291     0.1111   -17.4836    -7.2617    -1.3010  1  3    18.8832    12.3293
     434        9       16    -0.2649    -0.2147    -0.5205    -8.7834     3.5192    -4.7537  1  3    17.7107    11.7412
     435        9       16     0.4067    -0.1631    -0.0757    -4.6743    -2.7589    -1.3421  1  3    18.7913    11.4790
     436        9       16     0.4759    -0.1277    -0.3500    -1.7019    -3.7153    -6.3103  1  3    18.8397    11.8277
     437        9       16     0.0904    -0.0047     0.1428   -12.6094   -13.7762     3.6976  1  3    18.5525    12.0690
     438        9       16     0.3347    -0.0750    -0.2017    -0.2800   -16.9632     2.1006  1  3    18.9305    12.2935
     439        9       16     0.2075    -0.0572     0.0544   -20.2770     4.9020    -1.7623  1  3    18.8537    12.0125
     440        9       16     0.4344    -0.1415     0.1551    -6.7217    -8.8594    -2.0747  1  3    19.1377    12.4763
     441        9       16    -0.1164     0.0252     0.2820    -5.4307   -10.6233    -2.7993  1  3    18.9678    12.8639
     442        9       16     0.0197    -0.1470     0.1810    -5.0597    -1.5519    -4.6419  1  3    19.8391    12.8064
     443        9       16    -0.2836     0.0930    -0.2800     5.2462   -11.2197     2.1872  1  3    20.9905    12.3024
     444        9       16     0.5263    -0.2104     0.1099    -1.8309   -21.5420    -3.8555  1  3    20.3642    12.0392
     445        9       16     0.1830    -0.0585    -0.0034    -9.3683    -2.5196     0.0151  1  3    19.8139    11.6235
     446        9       16     0.1874     0.0573    -0.2033    -0.0576   -16.1503    -1.7494  1  3    19.2806    11.1978
     447        9       16    -0.1773    -0.0692    -0.5815     9.1781   -27.0383     2.8321  1  3    20.2051    11.9608
     448        9       16     0.7491    -0.2801    -0.0690     1.5652    -9.7327     1.4771  1  3    19.7569    11.5647
     449        9       16    -0.0053    -0.1327    -0.1662   -14.5959   -13.0154     0.8661  1  3    19.8788    12.5759
     450        9       16     0.3460    -0.0857    -0.2370    -7.0546    -8.3951     2.7242  1  3    20.3578    12.5420
     451        9       16    -0.2926     0.0932     0.4627   -17.5996     3.1134     2.9678  1  3    19.2497    11.6741
     452        9       16     0.1080    -0.0229    -0.4022    -0.9737     7.1230    -0.1096  1  3    19.5217    11.6774
     453        9       16    -0.6437    -0.1853    -0.2517     5.8326   -13.0038    -2.5260  1  3    19.4695    11.6546
     454        9       16    -0.1513     0.1092    -0.0787    -9.1642    -0.4947     3.9093  1  3    20.1789    12.3585
     455        9       16    -0.0985    -0.1361     0.3357   -12.0550   -13.7643    -0.0800  1  3    18.6386    11.8965
     456        9       16    -0.2344    -0.1647     0.0222     4.8084   -17.8595     1.6286  1  3    18.2770    12.1785
     457        9       16    -0.7271    -0.1644    -0.1353   -10.4133     5.9790    -1.6269  1  3    19.0707    10.9905
     458        9       16     0.2161    -0.1374     0.3854   -11.0401     9.7669     1.0933  1  3    18.7335    11.8047
     459        9       16    -0.5165     0.0388     0.2325   -13.6555    -8.9595    -0.8099  1  3    19.3849    12.3537
     460        9       16     0.2487     0.0876    -0.2243   -10.3899    -7.7273     6.6996  1  3    17.9707    11.4756
     461        9       16     0.8385    -0.0074     0.1773   -14.4146     7.6989     2.9035  1  3    18.8297    11.5504
     462        9       16     0.2926    -0.1371     0.5611     5.9034   -17.7308     1.2098  1  3    19.4029    12.3829
     463        9       16    -0.2862    -0.0742     0.2278   -10.1419   -12.5054    -4.2089  1  3    20.4023    12.9073
     464        9       16     0.4327    -0.1941    -0.6546     7.8352    -4.8312    -6.3136  1  3    18.2874    12.2867
     465        9       16     0.5732     0.0194    -0.1064    -0.4394   -17.8400     4.0522  1  3    19.3588    12.2894
     466        9       16     0.4433    -0.1539     0.5696   -13.2177     1.9149     1.0717  1  3    18.9625    11.9913
     467        9       16     0.4002     0.0565    -0.2275     8.2431   -21.2820     0.3760  1  3    18.9017    12.8279
     468        9       16     0.3690    -0.1750     0.3490    -8.7719    -5.4015    -2.3896  1  3    18.7641    12.2980
     469        9       16    -0.2776    -0.1560    -0.9973     6.6582    -6.1695    -1.7707  1  3    19.8438    12.0011
     470        9       16     0.0472    -0.0934    -0.1149    21.3883   -13.4591    -1.8636  1  3    19.2542    12.6742
     471        9       16     0.1180    -0.2302    -0.1665    -7.8248    -7.2693    -4.1466  1  3    17.6006    11.7204
     472        9       16     0.4832    -0.0000     0.0902    -5.1776     1.9866    -0.5414  1  3    19.5257    12.5401
     473        9       16     0.5934     0.2952     0.0619    -3.4002    -5.1726     4.6257  1  2    19.5785    12.7065
     474        9       16     0.2128    -0.1042    -0.1278    -4.4370    -8.9923    -1.7781  1  3    19.5293    12.3471
     475        9       16     0.0319    -0.1872    -0.7164     4.2457   -13.0212     0.3682  1  3    18.1417    12.4961
     476        9       16     0.3240    -0.1707     0.0949    -5.7705   -11.5222     0.5707  1  3    19.3158    12.7108
     477        9       16     0.2522     0.0031     0.2278     1.0496    -7.2230     3.7955  1  3    19.2484    11.7759
     478        9       16    -0.1629     0.3796    -0.1387    -0.0688   -19.3704    12.2538  1  2    20.8177    12.8997
     479        9       16     0.2568    -0.0700     0.1213   -12.0538    -8.7358    -1.3117  1  3    20.3652    11.9954
     480        9       16     0.2161     0.0616    -0.7048    22.4937    -8.9970    -0.4598  1  3    19.5837    12.0827
     481        9       16     0.2916    -0.1590    -0.2476   -12.1696     4.3102     0.9531  1  3    20.8970    12.3503
     482        9       16    -0.3218     0.0620    -0.3062   -12.4840    -8.9102     0.3879  1  3    20.0339    12.1517
     483        9       16     0.1713     0.3633     0.2171    11.5285   -25.6099     6.9071  1  2    21.0168    12.7143
     484        9       16     0.0680    -0.0761     0.2776   -26.6785    -7.1430    -0.2006  1  3    18.5076    11.0173
     485        9       16     0.0795    -0.1239    -0.0795   -10.8241   -13.5155    -3.4974  1  3    19.5823    12.3586
     486        9       16    -0.1673     0.0134     0.3605     3.1469    -0.8997    -5.3060  1  3    19.9020    12.0946
     487        9       16     0.6425    -0.1201    -0.4415     7.6682   -18.4679     2.7992  1  3    19.9329    11.4929
     488        9       16     0.1698    -0.2038    -0.8396    10.7914     1.9329     0.6521  1  3    19.4955    11.5793
     489        9       16    -0.2741     0.0487     0.0037    -4.0882    -9.2131    -3.3078  1  3    20.6030    12.7796
     490        9       16     0.4922    -0.1010    -0.3821   -12.6799    16.8738    -7.8564  1  3    19.3645    11.9069
     491        9       16    -0.0776    -0.0278    -0.6887     1.2619   -12.8919     3.1181  1  3    20.2383    11.8730
     492        9       16     0.2536    -0.1668    -0.3436     0.2725    -3.9018    -1.1765  1  3    19.2949    12.1670
     493        9       16     0.0585    -0.0726     0.5512    -1.8331    -4.3816     1.8471  1  3    19.3387    12.0697
     494        9       16     0.2493    -0.1755     0.2493     2.2762   -20.5753    -1.4716  1  3    19.9785    12.1921
     495        9       16     0.2321    -0.0425     0.4561   -10.0785    10.2291     2.2673  1  3    18.7204    11.0216
     496        9       16     0.0711    -0.0573     0.1754    -8.0377    -3.4037     3.9934  1  3    19.4419    11.9475
     497        9       16    -0.1294     0.0657     0.6457   -19.4844   -15.0727    -0.1012  1  3    19.0963    12.6514
     498        9       16    -0.0973    -0.1833    -0.4773     7.9454    -7.2124    -4.9665  1  3    19.8244    11.8635
     499        9       16    -0.0558     0.0081    -0.0878     9.1007   -11.5514    -5.5728  1  3    18.5983    11.5733
     500        9       16     0.0297    -0.0123    -0.4709    16.0071   -12.6832     3.7335  1  3    19.7353    11.6264
