       1       11       14     0.0845    -0.1277    -0.1922    -1.1744    -5.8375     2.7754  1  3    20.1321    11.8196
       2       11       14     0.2423    -0.1110     0.1421     9.6697     0.8334    -0.5806  1  3    18.4410    12.2828
       3       11       14     0.0684    -0.0775    -0.2452     1.7751    -4.7607     1.1614  1  3    18.9675    12.4187
       4       11       14     0.2004    -0.1622     0.5035    -2.9338    -2.0735     1.3066  1  3    19.2179    11.6594
       5       11       14     0.1395     0.0502    -0.2183    12.1812   -16.3129     0.9174  1  3    19.5125    12.4712
       6       11       14     0.8125    -0.1286     0.4421    -4.6417    -4.2157     5.3196  1  3    18.3353    12.1460
       7       11       14     0.0573    -0.2280     0.1855    11.0799    -2.8348    -7.9372  1  3    18.1467    12.9095
       8       11       14    -0.1992     0.0731     0.0395    -8.0340   -11.5778    -0.9392  1  3    19.5163    12.9679
       9       11       14     0.2838    -0.0654    -0.2493    20.0534    -7.8204    -0.6251  1  3    18.3593    12.5397
      10       11       14     0.1567    -0.0421     0.7895   -13.3750   -13.5565    -2.3079  1  3    19.0203    12.7649
      11       11       14     0.2430    -0.0821     0.1807    -7.3771   -11.6716     1.6870  1  3    18.9159    12.0311
      12       11       14     0.0510    -0.1086     0.3716     0.8544    -5.0933    -1.9785  1  3    19.1851    12.2657
      13       11       14     0.4873    -0.0854     0.0840    -5.2923   -16.7732     0.1404  1  3    17.4342    12.1552
      14       11       14     0.3877    -0.0713     0.2278     3.3471     0.7445     2.1093  1  3    18.9666    12.0869
      15       11       14    -0.0872    -0.1502     0.4951     9.9345   -15.0648     0.7349  1  3    18.2470    12.0374
      16       11       14     0.1402     0.0080    -0.3938    22.7863    -4.0892    -4.4819  1  3    19.9896    11.9199
      17       11       14    -0.0271    -0.0615     0.8340   -18.0981     0.1429    -4.0092  1  3    20.6618    12.1669
      18       11       14     0.4203    -0.0831    -0.3608    12.3562   -13.6537     0.7398  1  3    18.4628    12.6659
      19       11       14    -0.2448    -0.1011     0.3829     3.2277     1.3169    -2.9969  1  3    18.3512    12.0816
      20       11       14     0.2458    -0.1833     0.2028     4.3040     7.8682    -5.5661  1  3    18.1674    12.1959
      21       11       14    -0.2371     0.0471     0.1936    10.2662    -6.6806    -0.6778  1  3    18.7772    12.5136
      22       11       14     0.3054    -0.2461     0.5208     7.0788   -20.4696    -4.0735  1  3    18.3245    12.6313
      23       11       14     0.5579    -0.1395     0.2892     3.9080    -8.3316     0.9210  1  3    18.9548    12.4123
      24       11       14    -0.1102     0.1905    -0.1158    22.3179     0.8432     4.9818  1  3    18.3806    12.0596
      25       11       14     0.5055    -0.0552     0.3754    -2.5329    -6.8281    -3.5619  1  3    19.6003    12.0989
      26       11       14     0.2830     0.1179     0.2531    -0.4796   -14.2233     4.9298  1  3    19.1023    12.6125
      27       11       14     0.2879    -0.1794     0.2507     0.6201   -14.2511     0.0027  1  3    17.5951    12.3192
      28       11       14    -0.0468    -0.0397    -0.0613     5.8065    -2.3655    -1.3527  1  3    18.6637    12.4631
      29       11       14     0.4854    -0.1254    -0.1315    13.6674   -10.1607    -1.4947  1  3    19.6313    12.2305
      30       11       14     0.4919    -0.2023    -0.3137     2.8594     1.2963    -8.5201  1  3    20.0196    12.4089
      31       11       14     0.7215    -0.1443    -0.0460     6.3473     1.9118     1.7804  1  3    19.1812    11.7795
      32       11       14     0.7187    -0.2205    -0.0148     5.5996    -4.3832    -2.5226  1  3    18.7644    11.5586
      33       11       14     0.5138    -0.1618     0.0513    19.8387    -8.4526     0.5746  1  3    20.1507    11.8495
      34       11       14     0.4372    -0.0354    -0.1846    17.7433   -15.8667     0.3485  1  3    19.5932    11.7318
      35       11       14    -0.2159    -0.1804     0.2825    17.4951    -5.3422    -5.4829  1  3    19.6545    12.0970
      36       11       14     0.0077     0.0152     0.0489     4.2997     0.0872     1.0218  1  3    19.4906    11.6163
      37       11       14    -0.3030    -0.0979     0.6140    -1.1046    -4.7406    -1.0937  1  3    17.9200    12.3699
      38       11       14     0.0032     0.0019     0.0623     6.1112     4.7216     3.1829  1  3    17.5818    11.8856
      39       11       14     0.0689     0.0458    -0.1576    14.6756    -2.0536    -7.1289  1  3    20.2633    12.3066
      40       11       14    -0.2438    -0.0908     0.5957   -13.2321    -1.3257    -2.1150  1  3    21.0214    12.5216
      41       11       14     0.0635     0.0686     0.3860    -8.4688    -4.5650    -4.0679  1  3    20.2743    11.9646
      42       11       14     0.1283    -0.0565     0.6263    15.8808     2.1658     1.4745  1  3    19.1383    11.0039
      43       11       14     0.5292    -0.1050    -0.1751    12.9075    20.5501     2.5058  1  3    18.4395    12.1754
      44       11       14    -0.1635     0.0049    -0.5062    14.2181    20.2779    -0.0984  1  3    20.2193    11.9830
      45       11       14     0.4444    -0.0966     0.9652    -8.0639     3.6857     2.9366  1  3    18.9774    11.9909
      46       11       14    -0.0832    -0.1818     0.0848    -2.8660     1.2932    -5.2012  1  3    19.9067    12.0696
      47       11       14    -0.2015    -0.0382     0.4379     3.9767     2.7038     0.1343  1  3    17.9643    11.1969
      48       11       14     0.3047     0.0267    -0.5443     4.0480    17.4086     3.6111  1  3    18.3236    11.0408
      49       11       14     0.3097    -0.0634    -0.4388    13.3904    12.3593     0.7743  1  3    18.9979    11.5235
      50       11       14     0.6630    -0.0492    -0.2049    11.9688     1.0115     1.4280  1  3    18.2785    11.2299
      51       11       14     0.2123    -0.0871     0.5355     2.9257     3.4960     0.3967  1  3    19.3803    12.1853
      52       11       14    -0.2704     0.0017    -0.3034    22.0207   -11.3579     0.2422  1  3    20.5248    12.3894
      53       11       14    -0.0273    -0.0527    -0.2654    -2.0365     1.7332    -4.3545  1  3    20.3022    12.9478
      54       11       14    -0.0236     0.1080    -0.1817     3.5862    -3.6203     0.7730  1  3    19.2073    12.7381
      55       11       14    -0.1049    -0.1222     0.0066     0.8930    -7.2498    -6.4749  1  3    17.9559    12.3086
      56       11       14     0.6762    -0.0084     0.4723     1.6603   -19.0120     4.2617  1  3    18.5955    12.4969
      57       11       14     0.0845    -0.1287     0.6201     6.9070   -20.2902    -3.1672  1  3    19.1933    12.1950
      58       11       14     0.1945     0.0248     0.1865     4.7668    -0.3531    -2.0763  1  3    18.9604    12.1164
      59       11       14     0.0433    -0.0554    -0.0134    -9.5791    -8.3918    -0.2946  1  3    18.5816    12.1651
      60       11       14     0.1598    -0.0829     0.3571    -1.2329    -9.7953    -0.6255  1  3    19.4591    12.6033
      61       11       14     0.0812     0.0155     0.0772    11.9701    -3.7248     1.5688  1  3    19.3869    12.4164
      62       11       14     0.2348     0.0468    -0.1626    12.1670    -6.7824     0.9772  1  3    19.6681    11.6656
      63       11       14    -0.3318    -0.0168     0.3109     0.7869    -8.3104     0.3371  1  3    17.9614    12.0902
      64       11       14     0.2011    -0.0443    -0.0631    11.3674     4.5374    -4.9588  1  3    19.5728    11.9850
      65       11       14    -0.4754     0.0083     0.6086    -9.2677   -14.4722   -12.4963  1  3    18.1104    13.1114
      66       11       14    -0.2311    -0.0918     0.3838     7.8901   -11.0509    -2.6717  1  3    18.1714    12.5147
      67       11       14     0.3365    -0.0729    -0.3094    19.8130   -10.0250    -7.0566  1  3    19.1679    12.6114
      68       11       14    -0.0135     0.0034    -0.0904     7.8016   -13.1501     5.3837  1  3    19.3886    11.8651
      69       11       14     0.2669    -0.2244     0.7329   -17.8804   -11.5219    -3.3111  1  3    18.0970    12.2785
      70       11       14     0.2412    -0.0484    -0.1880    14.6925    -2.5232     1.2394  1  3    19.2472    12.0066
      71       11       14     0.0801     0.0544     0.7292     3.6767   -19.8227     1.9809  1  3    18.7268    12.7805
      72       11       14    -0.3589    -0.0576    -0.0153     3.9875    -5.8940    -6.1878  1  3    19.4272    12.5788
      73       11       14    -0.0257    -0.0383     0.6002    -4.4003     6.1583    -0.1617  1  3    18.2507    12.3413
      74       11       14     0.2833    -0.1341     0.2917    -2.7226   -15.4257    -2.6658  1  3    17.6967    12.1202
      75       11       14     0.3583    -0.2378    -0.1516   -11.0773    -0.1109    -4.2716  1  3    18.7858    11.2777
      76       11       14     0.4589    -0.2575     0.8493    -8.3569    -2.5423    -0.5830  1  3    19.6865    11.4261
      77       11       14    -0.0099     0.0459     0.0938     0.0440    -0.6939     2.2344  1  3    19.5798    11.7132
      78       11       14    -0.1478    -0.0669     0.3204    18.9567     5.2763    -1.6177  1  3    19.6594    11.6567
      79       11       14    -0.1257    -0.1036     0.0800    -1.2830    -3.2133    -1.1843  1  3    18.6553    11.7271
      80       11       14    -0.2177     0.2303     0.6147     3.7884   -12.1713     2.1682  1  3    17.6684    12.0888
      81       11       14    -0.1998    -0.2433     0.9608   -10.9419     4.0570    -1.8445  1  3    19.4688    11.8092
      82       11       14     0.2283    -0.0839     0.5050    -2.7767     4.1693    -3.9414  1  3    18.2814    12.2489
      83       11       14    -0.3651    -0.0548     0.1915    11.3727     5.5555    -4.0482  1  3    19.1712    12.5688
      84       11       14     0.0127    -0.1062     0.0707    -8.8609    -3.7570    -0.9701  1  3    17.9247    12.1798
      85       11       14     0.5364    -0.1924     0.0883    -5.8221    -6.4203    -4.7936  1  3    19.5196    12.5810
      86       11       14     0.5317     0.1094    -0.4561    41.7538   -27.6546     0.7464  1  3    17.6625    11.3038
      87       11       14     0.5411    -0.0168    -0.1917    10.9281    -2.5342    -2.9328  1  3    19.4770    12.7236
      88       11       14    -0.0355    -0.0037    -0.1838     8.7376    -0.5966    -3.3994  1  3    19.4623    11.8642
      89       11       14    -0.1250     0.0636     0.2687    -6.4635     9.1779     0.9333  1  3    19.2689    11.5458
      90       11       14     0.2925     0.0930    -0.3169    13.4196    -2.7977     1.6038  1  3    19.5461    11.8924
      91       11       14     0.2851     0.1549    -0.2811     8.8604     3.0216     0.9671  1  3    18.7503    12.1809
      92       11       14    -0.2299    -0.0462     0.4781     0.2290     7.6953    -2.5233  1  3    20.0454    12.0835
      93       11       14     0.2125    -0.0553    -0.3210     1.8504     0.1877   -13.0666  1  2    19.2544    12.2671
      94       11       14     0.4215    -0.0531     0.0971     0.9947    -0.6897     2.8439  1  3    18.9801    12.1350
      95       11       14    -0.2772    -0.1169     0.2555     8.9406     2.7705     0.3470  1  3    18.8430    12.6584
      96       11       14     0.6578    -0.2177     0.2476    10.4150   -17.7237    -1.0024  1  3    19.0276    12.0451
      97       11       14     0.4079     0.1381     0.2922    -5.1533    -7.3423    -2.1604  1  3    19.1431    12.6689
      98       11       14     0.1107    -0.0325    -0.5811    14.3466    -6.2221     2.5830  1  3    19.0518    12.3412
      99       11       14     0.3634    -0.0782    -0.3016    16.4830    -6.7854    -2.9122  1  3    18.0792    12.2617
     100       11       14    -0.0511    -0.2318     0.2505     8.9189   -19.7342    -2.9346  1  3    19.0286    12.5775
     101       11       14     0.2204    -0.0910    -0.2444    13.6476     2.5346    -0.8717  1  3    18.8085    12.0793
     102       11       14    -0.3094    -0.1435    -0.2185     3.0308    -5.9181    -1.8230  1  3    20.1254    12.3366
     103       11       14    -0.0386    -0.0327     0.2558     2.9843    -8.4761    -1.3274  1  3    20.0305    11.9983
     104       11       14     0.2423     0.1088     0.3503    -6.4799     1.2596    -3.8645  1  3    19.4009    12.3208
     105       11       14     0.2552     0.0209    -0.2156    -5.2701    -5.3052    -0.7521  1  3    19.2409    11.7983
     106       11       14     0.3109     0.0259     0.5790     7.3068    -1.1772     9.5811  1  3    18.4370    11.5292
     107       11       14    -0.0991    -0.0763     0.1036    -2.9339    -4.0720    -3.6178  1  3    19.2787    12.4421
     108       11       14     0.1533     0.0717     0.3548     5.0638     8.8645     2.8465  1  3    19.1886    11.8615
     109       11       14    -0.2113    -0.1537    -0.3784    11.8104   -13.7739    -4.0808  1  3    18.8008    12.7994
     110       11       14    -0.0332    -0.0629    -0.4828    13.6581    -6.6686    -0.6138  1  3    18.9525    12.1112
     111       11       14    -0.0320    -0.0402     0.2235    -1.1906    -8.2484    -5.4063  1  3    19.5208    12.7997
     112       11       14     0.3879    -0.1292     0.4841    10.9801   -26.7922    -4.6230  1  3    18.3703    13.0860
     113       11       14     0.1424    -0.1121     0.5487    -6.9220    -2.8378    -4.8611  1  3    17.8809    12.8540
     114       11       14     0.0578     0.0651     0.0955   -11.7491     3.5897     3.2123  1  3    19.6587    12.4130
     115       11       14     0.0347    -0.0859     1.0567   -13.9592    -5.5254     1.6940  1  3    19.4455    12.5871
     116       11       14    -0.1750     0.0857     0.2893    -3.2794   -10.7296    -3.6299  1  3    18.6634    12.4725
     117       11       14     0.3597    -0.1065    -0.0168     2.5473     5.7519    -1.1217  1  3    17.8759    12.0057
     118       11       14     0.1181    -0.1964     0.1177     0.6195   -12.4398    -3.5245  1  3    18.0825    12.7305
     119       11       14     0.1700    -0.1570    -0.0116    -5.5203   -22.5326     0.3571  1  3    17.8743    12.2230
     120       11       14    -0.4855    -0.0836     0.2658     7.0171    -5.8724    -2.0990  1  3    18.4056    11.8037
     121       11       14     0.3829    -0.0210     0.3753     0.9101    -7.5276     0.7152  1  3    18.0750    12.5855
     122       11       14    -0.1770     0.0701    -0.5534     9.0245     1.0084     4.3604  1  3    18.3757    12.2681
     123       11       14     0.1744    -0.1228    -0.4772     6.2072    -6.1805    -1.0105  1  3    18.3029    12.6723
     124       11       14     0.5642    -0.3088     0.7703    -9.0276     2.9007    -2.9463  1  3    18.0798    12.1658
     125       11       14    -0.4242    -0.0070     0.2669     9.9233   -21.3242    -5.1132  1  3    18.6350    12.7108
     126       11       14     0.1411    -0.0745    -0.0689     1.7865   -19.7781    -1.7745  1  3    18.6012    12.2087
     127       11       14    -0.1888     0.0122     0.2641    -7.0284     6.4620    -0.3929  1  3    18.7165    12.1519
     128       11       14     0.0698     0.1315     0.2553    25.4863   -13.4796     2.7155  1  3    18.9923    11.5739
     129       11       14     0.6891    -0.1305    -0.0817     8.7643    -2.3514     0.9443  1  3    17.9031    12.2806
     130       11       14     0.2024    -0.0554    -0.6322     5.1422   -16.1026     3.5514  1  3    18.5495    12.4839
     131       11       14     0.3471    -0.0742    -0.2963    15.8757   -15.9116    -6.1564  1  3    18.2248    12.1579
     132       11       14     0.0209    -0.0901     0.0040   -12.0260     0.2939    -1.8828  1  3    18.8856    11.9750
     133       11       14     0.1543     0.1942     0.4513     9.1462    -2.8611    -3.3852  1  3    18.5486    12.7064
     134       11       14    -0.4803    -0.0215     0.5256    -1.5434   -21.8058    -6.0683  1  3    17.4817    12.3556
     135       11       14     0.1846    -0.0537    -0.3655     4.7271   -10.8979    -2.7092  1  3    19.0923    12.2095
     136       11       14    -0.3951    -0.0290    -0.7782    29.3716    -7.6608    -1.8105  1  3    18.1213    12.5903
     137       11       14    -0.3998     0.1123    -0.0533     3.6536   -14.7245     0.2715  1  3    18.1097    12.3036
     138       11       14     0.0481     0.0785    -0.7172    30.4101   -18.9182    -0.6967  1  3    17.2039    12.3958
     139       11       14    -0.1961    -0.0872     0.1146    -4.8399   -16.8094    -1.4355  1  3    18.0623    12.8576
     140       11       14    -0.1369     0.0832     0.4307    -2.2487    10.1030    -3.2154  1  3    20.0754    12.0531
     141       11       14     0.0858    -0.1507     0.2695    10.3904     2.0724    -3.1706  1  3    18.2572    11.7827
     142       11       14     0.0401    -0.1862    -0.4317     6.0060   -15.1069     0.2982  1  3    18.2393    12.8132
     143       11       14     0.4897    -0.2272     0.5638    -1.6316   -14.0203    -4.4538  1  3    18.7385    12.8936
     144       11       14     0.5120    -0.1423    -0.1163    -0.4514    -6.3611     2.5463  1  3    17.6491    11.7624
     145       11       14     0.5110    -0.1186     0.2913     1.0800    -8.2740    -0.1452  1  3    18.6619    11.9866
     146       11       14     0.2639     0.0483    -0.4359    12.0495   -19.4273     7.5868  1  3    18.1961    11.7591
     147       11       14     0.2293    -0.0488    -0.3102    -8.2821    -8.3206     1.3210  1  3    19.6333    12.1343
     148       11       14     0.6817     0.1573     0.2707     1.7467    -1.4980     4.9739  1  2    19.6547    12.0570
     149       11       14    -0.0805     0.0067    -0.1319    17.5461     3.6449    -6.0389  1  3    19.0511    11.9974
     150       11       14     0.1485    -0.0508    -0.0924    16.2923     0.5736     0.0305  1  3    19.3800    11.6672
     151       11       14    -0.5239     0.0746     0.0792    23.6971     8.4459     0.7795  1  3    20.0642    12.0050
     152       11       14     0.7502    -0.2128    -0.1700     7.0854    -3.3373    -0.8766  1  3    19.7959    12.3584
     153       11       14     0.1228    -0.1008     0.1921     9.7835     2.1592    -0.6167  1  3    18.6249    12.4144
     154       11       14     0.4453    -0.0943    -0.4735     8.8197   -15.5567     2.1844  1  3    18.4605    12.4667
     155       11       14    -0.1161    -0.1235    -0.1641     1.5898    -7.0083    -7.9621  1  3    18.9751    12.5213
     156       11       14    -0.1295     0.1264     0.0926     9.7342     4.4651     1.3019  1  3    18.9081    12.6579
     157       11       14     0.0609     0.2334     0.8786   -27.7203    -6.7736     3.0342  1  3    19.2445    12.8233
     158       11       14     0.4559    -0.2486    -0.3750     2.6468   -12.3907    -2.0754  1  3    19.4708    12.4094
     159       11       14     0.2717    -0.2343    -0.0839    -8.7358    -5.7833    -1.9651  1  3    18.3565    12.5188
     160       11       14     0.0738    -0.1302     0.4241    -6.5106   -23.2684    -2.6996  1  3    18.0732    12.4984
     161       11       14     0.1668    -0.0211    -0.2660    16.1441     1.6130    -0.1393  1  3    18.6512    12.6900
     162       11       14     0.1448    -0.0721    -0.2022    -1.9929    10.9023    -4.4147  1  3    19.9857    12.9279
     163       11       14     0.5724    -0.1536     0.7858     9.7554    -7.0930     2.1169  1  3    17.8648    12.1076
     164       11       14    -0.3234    -0.0642     0.0625     1.7934    -3.0665    -5.4127  1  3    19.5302    12.0618
     165       11       14     0.2191    -0.0333    -0.4490    10.2820   -15.3489     6.1777  1  3    19.9100    12.2852
     166       11       14     0.2887    -0.0064     0.1111    -5.4812    -8.7543     3.9717  1  3    19.3865    11.4330
     167       11       14    -0.0910    -0.1228    -0.3464    12.5426    11.2285    -3.0262  1  3    18.8683    11.6815
     168       11       14     0.1549    -0.0542     0.3252     8.8656    -1.3690    -3.1380  1  3    19.4815    11.8179
     169       11       14     0.5948    -0.1379     0.1780     7.4838     3.6935    -5.7032  1  3    18.4860    11.7655
     170       11       14     0.3287     0.1057     0.0818    21.7241     1.1299     5.6206  1  3    17.5280    11.0788
     171       11       14     0.5255    -0.1657    -0.1088    23.1465    15.0600     5.4717  1  3    19.1214    11.2379
     172       11       14    -0.0309    -0.0944     0.5446    19.8505     0.8710     2.8739  1  3    19.1339    11.4247
     173       11       14     0.2712    -0.0810    -0.2741    28.6029     8.3653    -6.3410  1  3    18.0984    11.4205
     174       11       14     0.3720    -0.0384     0.3642     3.3950    13.2200     4.3305  1  3    17.6314    11.0429
     175       11       14     0.3098    -0.0854     0.5119   -10.2801   -10.3778    -0.1324  1  3    17.3634    12.1097
     176       11       14     0.0023     0.0798     0.1942     0.4292    18.9870     6.5686  1  3    19.0591    11.3112
     177       11       14     0.2900    -0.0769    -1.1190    29.8899    26.8784    -6.8861  1  3    17.5346    11.2867
     178       11       14     0.1842    -0.2022     0.0127    -2.1408     8.2198    -1.0152  1  3    18.8270    11.5326
     179       11       14     0.0689     0.1118     0.1428     9.0056     4.1660     3.3608  1  3    17.7864    11.9386
     180       11       14    -0.0248     0.0374    -0.3915    26.2115    12.0924    -3.8661  1  3    18.0016    10.9987
     181       11       14     0.4205    -0.2242     0.5683    -0.8138    18.5086     3.5446  1  3    18.0489    11.3129
     182       11       14    -0.3886    -0.1035    -0.0326     7.7981    21.9368    -0.7618  1  3    18.6050    11.8876
     183       11       14     0.3282    -0.0122    -0.5589     3.8024    13.5755    -0.3635  1  3    19.0272    11.7049
     184       11       14    -0.1483     0.0784    -0.1303    18.7412    -7.9525     3.8307  1  3    18.8133    11.9000
     185       11       14     0.4299    -0.0420     0.2547    19.1521    -0.8756     2.4874  1  3    17.9359    11.2887
     186       11       14     0.4387    -0.1230    -0.0643     3.0139    10.5222     2.1607  1  3    18.9920    11.1892
     187       11       14     0.6173    -0.4323     1.2215     2.9249    -1.8713    -4.1879  1  3    18.6645    11.7938
     188       11       14     0.3949    -0.1572     0.5861     0.6973     4.0078     0.0186  1  3    18.5947    12.1559
     189       11       14     0.1820     0.0515    -0.0724    -4.0556    17.5300     2.7288  1  3    18.7782    11.1842
     190       11       14     0.3959     0.0037     0.2691     2.5070    -2.7352    -0.2901  1  3    18.8541    11.8906
     191       11       14     0.4872    -0.2101     0.6421    14.7356    -2.1903    -5.5124  1  3    18.8894    11.9686
     192       11       14     0.1690    -0.0452    -0.3497     1.6452     0.3987     1.7133  1  3    18.0661    11.2346
     193       11       14     0.3941    -0.1223    -0.1763     7.1025    17.2247     2.6638  1  3    19.2960    10.7244
     194       11       14     0.3261    -0.1044    -0.0838    15.5802     7.8282     1.3921  1  3    19.2925    11.5735
     195       11       14    -0.2147     0.0735    -0.1825    13.1671    14.0348     1.0577  1  3    19.4470    11.4680
     196       11       14     0.1914     0.0568    -0.6636     6.2006    20.8653    -0.9477  1  3    20.0822    12.4763
     197       11       14     0.6525    -0.1626     0.5036     9.7787     7.7285     2.2742  1  3    17.8650    11.0167
     198       11       14    -0.3334    -0.0324    -0.1986    16.0199    25.3081     2.2060  1  3    18.8357    11.3269
     199       11       14     0.3254    -0.0956    -0.0171     4.5795    -4.3360    -0.1289  1  3    18.5471    11.6963
     200       11       14     1.0013    -0.3561     1.0968     5.0761     8.6117     1.7355  1  3    18.0327    11.4037
     201       11       14     0.3262    -0.0455    -0.5835    20.0163    10.2372    -3.9889  1  3    19.4914    12.0981
     202       11       14     0.5257    -0.1732     0.3937    -3.1237    -6.2771    -3.9580  1  3    19.3696    12.0869
     203       11       14     0.2455    -0.2838     0.6145     7.7827   -11.3638    -4.8825  1  3    17.5943    11.8610
     204       11       14     0.4925     0.0745    -0.7219    13.2286     2.3321     1.2696  1  3    19.4167    12.2731
     205       11       14     0.4896    -0.1497     0.0289    -0.8564    12.0633    -3.5480  1  3    17.9378    11.6817
     206       11       14    -0.0632    -0.1089     0.0462    21.9493     6.7902    -0.1011  1  3    17.4504    10.8789
     207       11       14     0.1807    -0.1044     0.6589     8.9964   -16.1373    -5.1832  1  3    18.3714    12.0844
     208       11       14    -0.2986    -0.1299    -0.3219    10.8386    16.8977    -3.8671  1  3    19.2493    11.6395
     209       11       14     0.4552     0.2425     0.1721    12.0282     6.8494     5.5372  1  3    19.1273    12.0301
     210       11       14     1.5662    -0.0934    -0.8299    10.7614    -6.5884    10.9873  1  2    20.5461    12.3547
     211       11       14     0.3599    -0.1664    -0.3291    20.1873   -13.0182    -5.4113  1  3    17.1126    12.1246
     212       11       14     0.6246    -0.0772    -0.1275    18.3652    10.4372     0.1331  1  3    17.5453    11.3177
     213       11       14     0.1056     0.0438    -0.6274    29.4497    19.5563     5.0464  1  3    18.7727    10.7415
     214       11       14     0.3024    -0.1489     0.9071    -0.9971     4.8667     5.8780  1  3    19.1150    11.5349
     215       11       14     0.6884    -0.1033    -0.2497    -4.2558    17.1144     4.0841  1  3    19.3436    11.3912
     216       11       14     0.5349    -0.1109     0.4309    -8.9718    12.4887     6.8885  1  3    19.3129    11.1672
     217       11       14     0.2233    -0.2512     0.2698    15.2210    14.4261     0.3918  1  3    18.2323    10.9885
     218       11       14     0.2442    -0.0416     0.2521     4.9929    18.5821    -0.1172  1  3    18.4105    11.1092
     219       11       14     0.2420    -0.1816     0.3767     7.7779    17.4867     1.7135  1  3    18.9875    11.4946
     220       11       14     0.5810    -0.3697     0.4915    17.2170     3.2671     0.3414  1  3    17.2541    11.4475
     221       11       14     0.1729    -0.1537    -0.5077    26.8402     7.9227    -5.8035  1  3    18.3343    11.3091
     222       11       14     0.1332    -0.1908     0.5573    12.5765     3.0201     2.4054  1  3    17.7727    11.3409
     223       11       14    -0.0371    -0.0842    -0.2126    16.8269     6.4883    -1.7804  1  3    17.8474    11.9365
     224       11       14     0.1843    -0.0697     0.5749     0.7167   -11.3346     2.4363  1  3    18.5652    11.8099
     225       11       14    -0.0901     0.0389     0.5144     4.3086    13.6258     0.9870  1  3    17.5079    11.5214
     226       11       14     0.0244    -0.1395     0.6662    -8.5131   -13.9340    -3.5415  1  3    19.4304    12.2039
     227       11       14     0.0039    -0.0010    -0.4183    25.5764    18.4408    -1.8903  1  3    17.3245    11.3511
     228       11       14     1.0779     0.3416    -1.1660    34.3659    27.7546     8.0448  1  2    18.5091    11.0147
     229       11       14     0.0920    -0.1513     0.4107    14.6132    13.2927    -1.3837  1  3    18.4378    11.1245
     230       11       14     0.6961     0.0712     0.4822    16.2825    -8.9972     8.8234  1  2    19.4897    11.7234
     231       11       14    -0.0430    -0.0071     0.1395     3.3414   -13.2996    -6.3428  1  3    19.1910    11.9331
     232       11       14     0.4565    -0.1344    -0.8137     2.2109   -14.2833     1.7048  1  3    19.7697    12.7220
     233       11       14     0.1952    -0.1593     0.7682     0.2961     4.4237     2.0942  1  3    19.0495    11.8750
     234       11       14     0.1723    -0.1137    -0.2841    10.2693    18.7283    -0.9525  1  3    19.3036    11.2291
     235       11       14     0.0280    -0.0600    -0.5160    25.7385     2.5775    -1.9540  1  3    17.9335    11.3880
     236       11       14     0.3589    -0.0449     0.1793    12.7165     6.2965     3.7927  1  3    18.1550    11.1634
     237       11       14    -0.3635     0.0005     0.6024    -7.3868     1.0361     4.0224  1  3    17.4124    11.4748
     238       11       14    -0.0730     0.0801     0.1664     2.2865    -1.4651    -4.2486  1  3    18.5841    11.9565
     239       11       14    -0.1964    -0.0273     0.3572     4.2823     0.5716    -0.9197  1  3    18.9443    11.8165
     240       11       14     0.0091    -0.0794    -0.2500     6.2712     2.6329    -0.6744  1  3    18.1908    12.0026
     241       11       14     0.5517    -0.1460     0.3368     9.8709     2.2298    -0.7903  1  3    18.1181    11.2238
     242       11       14    -0.1481    -0.2255     1.0536     8.8865    -4.8113    -7.1905  1  3    19.0574    11.8736
     243       11       14     0.5160    -0.2581     0.6337    -1.5233   -12.8729    -6.4601  1  3    18.2124    11.9863
     244       11       14    -0.1864     0.0083     0.1710     1.1888   -10.2712    -0.4733  1  3    19.5507    11.6374
     245       11       14     0.7212    -0.1936     0.5334    -1.3964     5.1850     3.8716  1  3    17.6627    11.6089
     246       11       14     0.1328    -0.1572    -0.1078    11.2207   -15.0772     4.1145  1  3    16.1440    11.1714
     247       11       14     0.2487    -0.2168    -0.1428     2.2038    -0.5791    -3.0229  1  3    16.9808    12.4411
     248       11       14     0.0245     0.0102    -0.8781    37.4423   -25.5627    -5.2512  1  3    15.1521    12.1632
     249       11       14     0.4277    -0.2108    -0.6178     5.6731    16.3060    -3.5775  1  3    17.9762    11.0084
     250       11       14     1.1215    -0.2111     0.9450    -6.9633     7.4055     6.7872  1  3    17.4161    11.1281
     251       11       14     0.0204    -0.0313    -0.5885    20.6226    10.9097     4.0331  1  3    18.1699    11.2947
     252       11       14    -0.0276    -0.0958     0.2320     3.0504    24.8196     5.7122  1  3    18.5115    11.8899
     253       11       14     0.5186    -0.1202    -0.7654    24.1408    -0.0524     0.7858  1  3    17.7988    11.9615
     254       11       14    -0.0235     0.0598     0.2120    16.5397     2.5058     1.0868  1  3    18.0253    11.6391
     255       11       14     0.0530    -0.1590     0.2560    25.9312    -4.1215    -5.3514  1  3    18.2017    11.6858
     256       11       14     0.3539    -0.1076     0.6655     2.8245     6.5106     2.0192  1  3    17.4995    11.5339
     257       11       14     0.0576    -0.0187     0.3412    -9.4492     6.6524    -2.0343  1  3    19.3171    11.6544
     258       11       14     0.4081    -0.2023     0.2068     8.1008     0.0305    -1.0309  1  3    18.5411    11.4032
     259       11       14     0.4958    -0.0910    -0.1102    16.8561     9.1114     0.1914  1  3    19.9990    11.9180
     260       11       14     0.5563    -0.0643    -0.0170     9.9302     9.6826     6.9159  1  3    19.5542    11.6644
     261       11       14     0.2381    -0.0283     0.2735   -14.8591    22.5443     3.9505  1  3    19.8841    11.8894
     262       11       14     0.2941    -0.3192     0.5721     7.8218     0.4257    -4.8258  1  3    17.9964    12.0453
     263       11       14    -0.3012     0.0267    -0.4493    14.9766     5.7357    -2.7024  1  3    19.1094    11.8272
     264       11       14    -0.4378     0.0739     0.0156    13.5107     5.3932     1.6330  1  3    18.7124    11.2717
     265       11       14     0.0756    -0.4154     0.9350    21.5840     2.0992    -0.1029  1  3    18.8020    11.4252
     266       11       14     0.4400    -0.3641     1.5180   -12.8113   -13.1081    -4.7898  1  3    19.3628    12.0141
     267       11       14     0.6481    -0.1822    -0.0502    19.4837     9.3794     2.6166  1  3    18.7887    11.2303
     268       11       14     0.0398     0.0231     0.4350     6.1864     7.4593    -0.8186  1  3    17.3995    11.0947
     269       11       14     0.5038    -0.1363    -0.1604    11.7223    16.5321     2.3438  1  3    18.0289    11.4851
     270       11       14     0.0767    -0.2550     1.2408    -3.3595    -0.5454    -1.0008  1  3    18.1172    11.2526
     271       11       14     0.6172    -0.1549     0.0769     4.3242   -14.9089    -4.5696  1  3    19.5005    12.1285
     272       11       14     0.3580    -0.0914     0.4390    -1.4510     6.0945     0.7151  1  3    17.7967    11.8890
     273       11       14     0.2596    -0.1716     0.3310   -15.6148     7.7082     0.0939  1  3    20.6358    12.5081
     274       11       14     0.4458    -0.1327     0.4636     4.1641    17.1005     5.4697  1  3    18.9294    11.2593
     275       11       14     0.4327    -0.2612     0.6573   -13.8085    -6.0630     0.3166  1  3    18.9778    12.1749
     276       11       14     0.5601    -0.0153    -0.4161    17.8093     5.7217     2.4033  1  3    18.8085    11.5494
     277       11       14     0.4561    -0.0273    -0.0504     6.6153    -5.8007     4.8350  1  3    19.8444    12.1913
     278       11       14     0.3393    -0.1674     0.4582    20.8571     1.9414     0.5790  1  3    18.5318    11.6696
     279       11       14     0.0452    -0.1060     0.7299    -4.6919   -14.0747    -7.4047  1  3    17.2734    12.5944
     280       11       14     0.4735    -0.1958    -0.6031    -5.6085     5.2443    -2.7083  1  3    17.8291    12.0461
     281       11       14    -0.2809    -0.0741    -0.1137     8.3374     4.1053    -7.7140  1  3    17.7317    12.1960
     282       11       14     0.2553    -0.1068    -0.6668    18.1875    19.9776    -2.1230  1  3    18.3121    11.5603
     283       11       14     0.0680    -0.1217     0.7322     9.4286     3.6718     1.3890  1  3    19.5606    11.4711
     284       11       14     0.0134    -0.0395     0.5900    -7.0209    -6.8827     0.2886  1  3    18.5457    11.4543
     285       11       14    -0.1311    -0.0011     0.1319    22.5916   -10.6942    -0.2763  1  3    19.3008    11.6757
     286       11       14     0.5699    -0.2144    -0.3058    24.6618    -9.9469    -2.5980  1  3    20.2954    12.6442
     287       11       14     0.6416    -0.2319     0.3224     6.7487    -1.9829    -0.0905  1  3    18.0926    11.4231
     288       11       14    -0.7465    -0.0938     0.7899     5.5319     1.6745    -2.6049  1  3    19.3359    12.2337
     289       11       14     0.1800     0.0677     0.1195    10.3060    15.7541   -11.9234  1  2    18.5695    12.0070
     290       11       14     0.2853    -0.2193    -0.2017    15.3051    22.2029    -2.0203  1  3    18.7285    11.0974
     291       11       14     0.0070    -0.0412    -1.0348     8.0239    18.4246    -2.5886  1  3    20.5105    12.3412
     292       11       14    -0.1221     0.1054    -0.2114    12.5240    10.8416     4.6795  1  3    19.4835    11.7974
     293       11       14     0.0690    -0.2336     0.5880    -4.5204    -2.7655    -5.7661  1  3    19.5744    11.7014
     294       11       14     0.2446    -0.2432     0.9895   -12.7706    16.4647    -0.5807  1  3    18.0549    11.2647
     295       11       14     0.0978     0.0824     0.1660    -3.9974     8.1881     0.2122  1  3    17.9343    11.3942
     296       11       14     0.2856    -0.1308    -0.0877     8.2106    -5.8148    -1.2875  1  3    18.5634    12.1740
     297       11       14     0.0998    -0.0004    -0.2899    22.1595     1.7012     0.9768  1  3    19.3609    11.5914
     298       11       14     0.5035    -0.0879    -0.2215    13.6334     1.4606    -4.2329  1  3    19.0625    11.5486
     299       11       14    -0.1670    -0.0698     0.1659    14.2478    16.0762    -0.2820  1  3    19.4486    11.6291
     300       11       14     0.6566    -0.3002    -0.0745   -10.1776    -7.8369    -6.4878  1  3    20.3998    11.7451
     301       11       14    -0.5509    -0.1633    -0.0164     8.7110     6.3336    -1.0472  1  3    19.2143    11.9824
     302       11       14     0.1234    -0.0495    -0.0138    -7.3068     1.1924     0.0833  1  3    19.6472    12.1692
     303       11       14     0.2394    -0.0127     0.2187   -21.4353   -12.4079     1.5164  1  3    18.5961    11.9450
     304       11       14    -0.3462    -0.0249     0.5192     0.5018   -11.2480    -6.0508  1  3    19.1548    12.5959
     305       11       14    -0.4558    -0.0643     0.2621     3.7796   -10.3954    -2.5545  1  3    19.6522    12.2954
     306       11       14    -0.1258    -0.0542     0.4316   -10.0420    -2.3653    -5.6452  1  3    19.0999    12.1832
     307       11       14     0.2911     0.0339    -0.0022    30.0665    -6.4770    -1.9104  1  3    18.8431    11.8008
     308       11       14     0.2566    -0.1165    -0.1637    22.9913    -3.0849    -2.8464  1  3    18.2426    12.1963
     309       11       14     0.0868     0.1269    -0.0773    -4.1635    -1.3971    -0.9691  1  3    19.7771    12.7507
     310       11       14     0.7722    -0.2809     0.2083    16.1716   -17.0758    -5.3204  1  3    17.8530    12.0022
     311       11       14    -0.3745     0.0397    -0.0871    17.6434     3.5226     2.5294  1  3    18.8315    12.3309
     312       11       14    -0.0593    -0.1222    -0.0156    11.3582    -2.6166     1.4237  1  3    18.9070    11.3591
     313       11       14    -0.2294    -0.0716     0.2576     5.0301    -2.6349    -2.6362  1  3    19.7385    12.6650
     314       11       14     0.0877    -0.0339    -0.5085     7.1998   -13.1410    -0.7550  1  3    18.8194    12.4319
     315       11       14    -0.0643    -0.0054     0.1214    21.5912   -17.9794     2.3227  1  3    17.0422    12.3772
     316       11       14     0.1785    -0.0448     0.2017     2.3705    -4.1395    -2.7243  1  3    18.7759    12.5310
     317       11       14    -0.1749    -0.0995    -0.1629   -18.0261     1.4844    -3.4997  1  3    18.7535    12.0883
     318       11       14     0.2905    -0.2255     0.5479    -1.8734    -9.8113    -3.9787  1  3    17.5775    12.5282
     319       11       14     0.7571    -0.2439    -0.2750    19.1042    -6.3184     2.3819  1  3    19.3778    11.1293
     320       11       14    -0.0756    -0.1441     0.0097     7.8915    -3.4406     0.7575  1  3    19.5193    11.2871
     321       11       14     0.0161    -0.1360    -0.3044     0.2165    12.0644    -1.4576  1  3    18.6630    11.9610
     322       11       14     0.3834    -0.0763    -0.6198    20.8504   -13.6432     2.1262  1  3    19.9841    11.2878
     323       11       14     0.0319     0.0816    -0.3062    23.5262    -8.2262    -1.3423  1  3    19.3147    11.6730
     324       11       14     0.0487    -0.1779    -0.4948     4.3613   -14.7899     0.8175  1  3    17.5355    12.1073
     325       11       14    -0.3758     0.0444     0.2735    -8.4270     2.3981    -4.7224  1  3    18.1409    12.5577
     326       11       14     0.5269     0.0696     0.0686    24.7240    -4.4052    -0.9956  1  3    18.3430    11.2544
     327       11       14     0.0583     0.0440    -0.3410    16.5933    -4.3890    -1.7436  1  3    19.3393    11.4572
     328       11       14    -0.5308    -0.1888    -0.5788     6.6653     4.9336    -3.4026  1  3    20.0639    11.7218
     329       11       14     0.4905    -0.1660     0.8241   -11.3926    -6.8742    -3.7485  1  3    18.3750    11.9181
     330       11       14     0.0269     0.0022     0.0667    -0.1852    -1.6788    -1.2057  1  3    18.7067    12.3002
     331       11       14    -0.0119    -0.0028     0.0810     3.8499     8.2048     0.5845  1  3    19.3669    12.1911
     332       11       14     0.3541    -0.0375    -0.3902    12.6279     5.3678    -3.1347  1  3    18.5569    11.7512
     333       11       14     0.2240    -0.1543     0.6806    -1.6717   -16.5545    -1.8994  1  3    17.7486    12.4991
     334       11       14     0.6181     0.0035     0.4339     0.2110     9.3865     4.7634  1  3    19.3085    12.1939
     335       11       14     0.1294     0.0413    -0.1388     5.3716    -5.0276    -1.8936  1  3    19.3530    12.2251
     336       11       14     0.3550     0.1047    -0.0756     8.1421     6.1506     4.1099  1  3    18.1089    11.7783
     337       11       14    -0.1968    -0.0702     0.1650    -3.3890    -4.9810     1.6347  1  3    17.8367    11.7169
     338       11       14     0.6059    -0.1112    -0.2219    -1.3919   -13.1839     3.0971  1  3    18.9766    12.2171
     339       11       14     0.3704    -0.1822     0.7099    -2.4704    -6.2089    -2.6284  1  3    20.3439    12.1553
     340       11       14     0.0488     0.0491     0.0388    10.6441    -3.0185    -1.1668  1  3    20.2595    12.4549
     341       11       14     0.1845     0.0387     0.3369    -5.6528   -14.5848    -2.3228  1  3    19.3291    12.6683
     342       11       14     0.5986    -0.1580    -0.0627     5.2955    -9.3994     0.1724  1  3    18.4726    12.3906
     343       11       14     0.1569    -0.1501     0.8202   -28.8866    -5.3055    -4.3949  1  3    18.0174    12.5171
     344       11       14     0.0103    -0.1228     0.2982     2.5166   -24.1290    -0.7768  1  3    18.3004    12.3593
     345       11       14     0.1337    -0.1870     0.5290     9.9489    -7.9965    -2.2256  1  3    17.9414    12.3345
     346       11       14    -0.1836    -0.0540     0.7570    -4.3273   -25.1469     0.7557  1  3    17.7439    12.2548
     347       11       14     0.3261    -0.1125     0.4171     0.3923    -8.1976    -3.9225  1  3    17.6336    12.8045
     348       11       14    -0.0817    -0.0992    -0.3916    -2.2709    -8.8708    -3.5418  1  3    18.9361    12.3924
     349       11       14    -0.1902    -0.1005    -0.0594    19.1095   -25.3759    -6.4008  1  3    18.5307    12.9313
     350       11       14    -0.2001     0.0336    -0.1349    -3.3379    10.8972    -2.2834  1  3    19.2386    13.0561
     351       11       14     0.1711    -0.0332    -0.0785     6.8581   -12.1037    -1.3370  1  3    17.8411    12.1583
     352       11       14    -0.0303    -0.1254     0.2061    -3.0501    12.3513     0.9027  1  3    18.1834    11.4368
     353       11       14     0.3589    -0.1452    -0.1715     7.7676    -1.9442    -3.1759  1  3    18.5576    12.1450
     354       11       14     0.6395    -0.2083    -0.5053    -2.1194    -9.9220     4.3707  1  3    19.4175    12.2120
     355       11       14     0.0655    -0.0404     0.0357     5.5810     2.4563     2.2627  1  3    19.2189    12.3704
     356       11       14     0.6011    -0.0971    -0.0610    10.9556     0.2040    -5.7472  1  3    18.8903    12.7342
     357       11       14    -0.1720     0.0210    -0.2396     6.9381     9.1925    -0.0320  1  3    19.3722    11.8855
     358       11       14     0.1180    -0.0525     0.1282    -1.7926     0.1366    -3.3506  1  3    18.4849    12.6227
     359       11       14     0.0581     0.0857     0.0651     6.8325   -11.8071     3.0909  1  3    19.2716    12.0677
     360       11       14     0.3275     0.0487     0.2384    -6.5712    -0.9323     5.4157  1  3    18.6846    12.2952
     361       11       14     0.1864    -0.0750     0.2328    -4.6908    -8.8780    -2.2451  1  3    18.8281    11.9283
     362       11       14     0.0655    -0.1676    -0.0831     4.9551     5.1425    -1.4177  1  3    19.0710    12.1235
     363       11       14     0.0804    -0.1129     0.3501     0.9257    -7.6624    -1.6641  1  3    18.9000    12.6342
     364       11       14    -0.6854    -0.2003     1.2474    -7.0126   -18.6537   -11.3449  1  3    18.1134    13.1077
     365       11       14    -0.0901     0.0411    -0.3049     1.1476    -6.2984     0.8235  1  3    17.7556    12.5305
     366       11       14     0.4308    -0.1345     0.1348    -0.3404   -17.4328    -1.0997  1  3    18.5804    12.9030
     367       11       14     0.5442    -0.1023    -0.0032   -11.6612    -8.5690     1.2529  1  3    18.1957    12.5197
     368       11       14     0.1722     0.0338     0.1921     4.6442     0.8088     3.8878  1  3    19.3314    12.4978
     369       11       14     0.1562    -0.0037    -0.3007    -1.4022     2.3262    -4.6215  1  3    18.4684    12.6669
     370       11       14     0.3865    -0.0845    -0.0528     4.4974    -9.0830    -3.9518  1  3    17.8784    12.7497
     371       11       14     0.1094     0.0223    -0.2244    19.5005     3.6150     4.2828  1  3    18.8332    11.4215
     372       11       14     0.1315    -0.0565    -0.0821     2.9735   -11.0422    -4.2941  1  3    17.6781    12.7147
     373       11       14    -0.1662     0.0618     0.3001     9.7319   -22.1967    -2.7212  1  3    18.9307    12.7457
     374       11       14     0.3440    -0.0956    -0.2765     0.3510    -5.3281    -0.3013  1  3    19.7156    11.7622
     375       11       14    -0.2635    -0.0671    -0.5395    12.9473    -5.5718    -0.0946  1  3    18.3165    11.6042
     376       11       14     0.2326     0.0015     0.1401     9.1352     5.1818    -0.8733  1  3    18.8695    11.8809
     377       11       14     0.4497    -0.2809     0.4433    -6.1826     2.1383    -4.2638  1  3    19.5908    12.3878
     378       11       14     0.1236    -0.0983     0.2646    -7.6717     2.5870     0.4499  1  3    19.3494    12.2483
     379       11       14     0.2108    -0.1616    -0.0140     7.7108     6.9610    -1.0848  1  3    18.1056    11.7765
     380       11       14     0.1416     0.0288    -0.6491    19.7300    -6.0703     2.8506  1  3    18.0408    12.2967
     381       11       14     0.1827    -0.0718    -0.6669    14.0421    -3.4511    -0.3388  1  3    19.2528    12.5532
     382       11       14     0.5473    -0.0056    -0.2485    -7.9805   -12.7062     2.8397  1  3    18.2207    12.1485
     383       11       14     0.2452     0.1100    -0.1539     4.7585    -7.2103    -3.8176  1  3    18.3241    12.7244
     384       11       14     0.1164    -0.0925     0.0131     2.8251   -14.4926    -3.9266  1  3    18.3698    12.8031
     385       11       14    -0.3734    -0.0032     0.0886    -0.2752     1.8783     0.4097  1  3    19.1425    11.6037
     386       11       14    -0.0287    -0.0673    -0.7501    27.4615    -2.4115    -1.2528  1  3    18.8282    11.5968
     387       11       14     0.3861    -0.2315     0.1806     7.2562    -6.0553    -1.8420  1  3    18.2032    12.2144
     388       11       14     0.1989    -0.1997    -0.0383     3.6971   -22.6549    -7.6909  1  3    17.8074    12.6261
     389       11       14     0.3339    -0.0528    -0.1365    11.3107    -8.2829     1.3010  1  3    18.9576    12.6402
     390       11       14     0.2070     0.0206     0.1650     8.7508   -15.0421    -1.5997  1  3    19.0250    12.4765
     391       11       14     0.1358     0.1238    -0.6760    21.7448     0.9294    -1.7117  1  3    19.6027    12.3102
     392       11       14     0.1813     0.0487     0.1099    10.2490    -2.7455     0.0146  1  3    19.5392    12.5669
     393       11       14    -0.0972    -0.1064     0.2309    -5.5118     2.1824    -4.2764  1  3    19.2238    11.9153
     394       11       14     0.0313    -0.0764    -0.0534     7.8191     0.5141    -4.1451  1  3    18.9900    12.6572
     395       11       14    -0.1589    -0.0113     0.1382     6.4019     8.4057    -2.0371  1  3    18.1065    11.8380
     396       11       14     0.2619    -0.0137     0.0365    -6.2708    11.9017     1.6157  1  3    19.9988    11.8343
     397       11       14     0.3015    -0.0218     0.4755     1.4207     4.0641     3.2746  1  3    18.1904    11.9066
     398       11       14     0.5558     0.0947     0.2938    18.0717    -8.4906     4.4335  1  3    17.9122    12.3390
     399       11       14    -0.1015    -0.1540    -0.0055     1.6686    -7.7002    -1.8891  1  3    18.0937    12.0618
     400       11       14     0.3890    -0.0566    -0.6141    13.8661   -15.3294     3.1360  1  3    19.8131    11.6459
     401       11       14    -0.0215     0.1546    -0.0026     6.6626   -10.0687     2.8362  1  3    19.1569    11.8566
     402       11       14     0.1743     0.1494     0.4903    -5.4508    -5.9130     7.1247  1  3    18.2788    11.9278
     403       11       14     0.1295    -0.0650     0.3167    12.7141    -8.9753    -0.0312  1  3    18.7961    11.7838
     404       11       14     0.2186    -0.1397    -0.2231    15.7740   -23.3885    -1.5418  1  3    19.0393    12.3465
     405       11       14     0.2351    -0.0341    -0.0865    -1.9599     1.7126    -4.1997  1  3    18.4706    12.4060
     406       11       14    -0.0422    -0.0645     0.4226     2.4675     9.7454     2.7339  1  3    19.0969    11.3911
     407       11       14     0.2211    -0.0754    -0.1904    11.2184    12.0094    -1.7081  1  3    19.3058    11.8253
     408       11       14     0.2915    -0.0914     0.5298     0.5424   -11.3737    -4.3179  1  3    19.4097    12.4737
     409       11       14     0.1583    -0.1059     0.6113   -10.5424    -7.0475    -3.9114  1  3    20.4022    11.9224
     410       11       14     0.0687    -0.0708     0.1341     1.1642   -13.8902    -0.5247  1  3    18.1738    12.0359
     411       11       14    -0.3825    -0.1021     1.0702   -16.6089     1.4431     0.0112  1  3    17.6265    12.3540
     412       11       14    -0.1108    -0.0832     0.0990    -9.2661   -17.5944     0.0170  1  3    17.3575    12.0604
     413       11       14     0.2541     0.1127    -0.0027    16.5290    -3.6504     1.5955  1  3    19.6871    12.1406
     414       11       14     0.1776    -0.0188     0.1780     0.6540    -0.3191    -4.3820  1  3    19.2374    11.5996
     415       11       14    -0.0989     0.0754    -0.2383    18.8096     5.7068     0.1838  1  3    20.1981    11.9401
     416       11       14     0.6195    -0.0724    -0.1364     4.8552   -11.3419     0.2561  1  3    18.8892    12.3780
     417       11       14     0.2041    -0.0333     0.2298     5.7347     7.7203     0.8080  1  3    18.4389    11.2984
     418       11       14     0.1372    -0.0486     0.0405     1.7570     4.9241    -2.2330  1  3    18.9235    11.7416
     419       11       14     0.2637    -0.1772     0.2137    -4.2141    15.2100    -1.6256  1  3    19.3668    12.2833
     420       11       14    -0.3303     0.0572     0.3243    14.8617     5.1600     2.1026  1  3    19.1166    11.8298
     421       11       14     0.0788    -0.2040    -0.3812     0.4771    -7.4756    -1.3388  1  3    19.5268    12.9658
     422       11       14     0.1127    -0.1017     0.6668   -16.1030   -14.0843    -1.3343  1  3    19.7613    12.5296
     423       11       14     0.7342    -0.2951     0.8037     6.1696    -8.7769     1.6518  1  3    18.8982    12.4475
     424       11       14     0.8601    -0.1854    -0.1648     7.1462     6.1531     1.1289  1  3    17.7816    11.8926
     425       11       14     0.4627    -0.0795    -0.2932     8.2614    -8.2756     5.1088  1  3    18.3394    12.4952
     426       11       14    -0.2428    -0.0188     0.1931     8.6543   -11.0385    -1.1204  1  3    17.7978    12.3265
     427       11       14     0.2502    -0.1071     0.1276     5.6377    -1.5693    -1.8523  1  3    17.8547    12.4160
     428       11       14    -0.0870     0.0048     0.1685    17.0092    -9.3237    -1.3905  1  3    17.1087    12.4983
     429       11       14     0.2817    -0.0459     0.3115    -5.3128    -3.6342     1.9743  1  3    18.6558    12.6270
     430       11       14     0.2613     0.0291    -0.1308    12.3005   -13.3571     1.6956  1  3    18.9351    12.1449
     431       11       14    -0.0338     0.0101     0.4833   -10.4501    -0.3353    -0.8079  1  3    17.8964    12.5598
     432       11       14     0.1561    -0.0296    -0.1628    17.6464    -9.1051    -2.5500  1  3    18.2547    12.5107
     433       11       14     0.7361    -0.3099     0.6209    -0.2151    -7.5673    -1.7045  1  3    18.9208    11.4351
     434       11       14     0.6402    -0.0365    -0.3342    21.5745    -4.5205     1.8826  1  3    19.0194    11.6266
     435       11       14     0.3053    -0.0651     0.1323     2.5446    -4.4460     1.9039  1  3    18.8889    12.0877
     436       11       14     0.0221    -0.0371     0.1611    10.8819     8.7167     0.6428  1  3    19.6573    12.0022
     437       11       14     0.1963    -0.0655    -0.5619     0.8731    -5.3068     1.3871  1  3    18.9415    11.4479
     438       11       14     0.4160    -0.1323    -0.1373    -0.9601    -6.9787    -2.5298  1  3    18.7887    11.6473
     439       11       14     0.1989    -0.0540     0.2832     1.4892   -11.8873     1.2114  1  3    18.5085    12.0894
     440       11       14     0.3955    -0.0676    -0.3233    18.1853    -1.5383    -1.5731  1  3    19.9658    11.8401
     441       11       14    -0.1427    -0.0658     0.0325     8.3980   -15.4320     1.1930  1  3    18.6070    12.2141
     442       11       14    -0.6772     0.1253    -0.1779     0.0866     8.3132     1.6625  1  3    18.8877    12.0465
     443       11       14     0.1201    -0.0471    -0.0285    20.8029    -6.3371    -0.7220  1  3    18.7649    12.3533
     444       11       14    -0.0211    -0.1976     0.4575    12.5347    -5.4232    -1.4273  1  3    18.8366    12.3407
     445       11       14     0.8743    -0.2346    -0.9475    18.1815     7.8968     1.6886  1  3    19.1875    11.3702
     446       11       14     0.4892    -0.1281     0.1818     2.7219    -5.7672    -6.1563  1  3    19.7443    12.2633
     447       11       14     0.3746    -0.1425     0.3024     0.5463    -6.4902    -2.4914  1  3    18.2376    12.2562
     448       11       14     0.4827    -0.2298    -0.2742    -1.5785    -8.8703    -2.1302  1  3    18.5002    12.5598
     449       11       14     0.2353    -0.1679     0.6249    -1.3977   -13.7674    -2.8064  1  3    18.5543    12.1942
     450       11       14     0.2017    -0.0443     0.3039    13.0206   -13.7785     1.3435  1  3    17.5234    12.3121
     451       11       14     0.1151    -0.0090     0.0205    -0.5972    -9.5030     0.1637  1  3    19.7479    12.4356
     452       11       14     0.2540    -0.0073    -0.1221     4.3276    -0.0408    -3.0306  1  3    18.7409    12.7532
     453       11       14    -0.0668    -0.1417     0.0499    -3.1291   -15.8489    -5.5757  1  3    18.0790    12.4379
     454       11       14    -0.5001    -0.1239     0.9291    13.8617   -11.1474    -1.4965  1  3    17.2351    12.1113
     455       11       14     0.3482    -0.1306     0.5800     4.5333   -11.7373    -1.6738  1  3    19.1496    12.1106
     456       11       14    -0.5459    -0.2299     0.8470    -5.3668     7.6563    -5.8570  1  3    18.1893    12.1082
     457       11       14     0.1492     0.0359    -0.0921    10.3218    -5.5074     3.1426  1  3    17.7918    12.4944
     458       11       14     0.0184    -0.0186     0.1840    10.8369   -22.9836    -4.6138  1  3    19.3513    12.3729
     459       11       14    -0.0137    -0.1381     0.2647     0.7119   -25.3159    -0.3538  1  3    18.2215    12.1006
     460       11       14     0.0173     0.0178     0.3551    -9.3500     7.4021    -0.8786  1  3    19.3342    12.4176
     461       11       14     0.1962    -0.0655     0.8366   -10.6293   -11.2417    -4.8000  1  3    19.1113    12.7700
     462       11       14     0.5492    -0.2067     0.6316    -0.4950     3.7319    -3.1201  1  3    19.6592    12.1891
     463       11       14     0.0012    -0.1345     0.0622    -5.2045    -9.1203    -1.4357  1  3    18.2342    12.2634
     464       11       14     0.4055    -0.0085    -0.6679    22.1179     2.8770    -9.7787  1  3    18.6198    12.1633
     465       11       14    -0.4974    -0.0117     0.2832   -12.4997    14.2048    -2.3160  1  3    19.6247    12.6814
     466       11       14    -0.3247     0.0772    -0.1397     0.5438     5.6917     2.3297  1  3    19.7819    11.8506
     467       11       14     0.5367    -0.1006     0.4043   -10.6538    -0.8114    -2.6671  1  3    19.5102    12.4420
     468       11       14     0.2546    -0.0016     0.0864    10.7132    -0.7833    -0.0715  1  3    19.4381    11.9805
     469       11       14     0.4361    -0.1844     0.0531    -3.0735    10.8819    -6.2256  1  3    19.5553    12.0993
     470       11       14    -0.1519     0.2602     0.0388     9.5073    -2.4258     5.3960  1  3    18.9290    11.3375
     471       11       14     0.0513     0.0429     0.5915    -6.8724    -7.6169     2.9383  1  3    18.8955    12.6635
     472       11       14    -0.1382     0.0235    -0.1066    19.9142    -7.4862    -3.6017  1  3    20.1739    12.0790
     473       11       14    -0.3206    -0.0751     0.1797     0.1451    -2.4684    -5.4253  1  3    19.1378    12.6759
     474       11       14    -0.3932    -0.0637    -0.0422     8.7838    -1.2570    -4.2050  1  3    18.4322    12.1746
     475       11       14     0.1934    -0.0843     0.8081    -2.3069     3.2073     3.9149  1  3    19.1540    12.0188
     476       11       14     0.4435    -0.0379     0.2515     1.9157    -3.0955     1.5321  1  3    18.7060    12.2289
     477       11       14     0.3063    -0.1047    -0.2503    10.2484    -9.7314    -1.8875  1  3    19.6813    12.2387
     478       11       14     0.4471    -0.1576    -0.1394     4.1797     8.4528    -2.8322  1  3    19.8042    12.1958
     479       11       14     0.1711    -0.1496    -0.1403     0.4855     4.2860    -2.8534  1  3    19.8061    11.5527
     480       11       14     0.2733    -0.1172     0.2738    12.6514    -0.1020    -2.9728  1  3    18.5882    12.3529
     481       11       14     0.5647    -0.1555     0.0243    -6.6339    -5.3242     1.4224  1  3    18.5936    12.3958
     482       11       14     0.3779    -0.1642     0.3313    -9.5549   -11.5224     1.3422  1  3    18.4731    12.5599
     483       11       14     0.1187    -0.0212    -0.4829     3.1430     3.4307     1.4036  1  3    19.0611    12.3616
     484       11       14    -0.1251    -0.1302     0.5992     5.3523    -4.3242    -3.2121  1  3    19.7162    12.5627
     485       11       14     0.2770    -0.0420     0.4380    -4.3368    -5.9149    -0.2764  1  3    18.9947    12.2382
     486       11       14     0.2304    -0.0207    -0.1868    10.4667     5.5517     2.5483  1  3    19.0407    12.4559
     487       11       14     0.0743    -0.1818     0.3735    -1.1487   -12.0971    -2.7780  1  3    19.0329    12.7396
     488       11       14     0.1675     0.0410     0.2724     0.9546    -7.1897     1.2911  1  3    18.2991    12.4838
     489       11       14    -0.4371    -0.0648     0.3421    11.2051   -12.7122   -11.0318  1  3    18.0946    12.8992
     490       11       14    -0.0716    -0.0960     0.1852    22.0528   -14.9117    -0.0341  1  3    17.0025    11.9570
     491       11       14     0.8303    -0.0522    -0.4825     5.5196   -10.9331     1.1298  1  3    19.3809    12.5181
     492       11       14     0.5180    -0.1964     0.4399     4.8569     7.8665     2.0992  1  3    20.4581    11.9881
     493       11       14    -0.0565    -0.0579    -0.1729    14.4542    -4.6730    -2.4985  1  3    20.5058    12.0662
     494       11       14    -0.1425    -0.1267     0.3112     1.8419     1.4320    -2.9811  1  3    19.9835    12.0276
     495       11       14    -0.0240    -0.0827     0.2275    12.0323    -6.9625    -2.7734  1  3    18.3280    12.6220
     496       11       14    -0.3912     0.1669     0.3037     4.7211    -8.0312    -6.2532  1  3    19.7860    12.0587
     497       11       14     0.4185    -0.1756     0.7587     0.3933    -7.0030    -5.6272  1  3    17.7890    12.7786
     498       11       14    -0.2398    -0.0532    -0.3859     0.1426   -25.1511    -5.0937  1  3    19.1968    12.7244
     499       11       14     0.0396     0.0320    -0.5131    16.6343    -1.1821    -3.9725  1  3    19.0410    12.1336
     500       11       14     0.1731     0.2559     0.4000    -0.4489   -17.0196     8.3655  1  3    20.3219    12.8007
