       1        1       24     0.6204    -0.0883     0.3973   -13.1642     0.0234     1.3704  1  3     0.0000    11.6571
       2        1       24     0.0197    -0.3130     0.7500    -4.7989    -5.8912    -4.9655  1  3     0.0000    11.7956
       3        1       24     0.2867    -0.0675    -0.6265     5.4447     8.4837     3.1164  1  3     0.0000    11.8598
       4        1       24     0.9660    -0.2655     0.2779   -16.4800    -2.1392     2.0071  1  3     0.0000    11.5590
       5        1       24     0.3775    -0.0635    -0.1211   -17.4917     2.6623     1.1937  1  3     0.0000    12.0502
       6        1       24    -0.1412    -0.1005     0.8160   -10.0218   -12.5671    -7.6984  1  3     0.0000    11.9643
       7        1       24     0.5195    -0.0684    -0.6355    15.5479   -17.6553     1.8084  1  3     0.0000    12.1501
       8        1       24    -0.8391     0.0303     0.3081    17.0728   -32.1731    -2.0609  1  3     0.0000    12.6381
       9        1       24     1.2568     0.0317     0.1748     1.1676   -17.6520    12.0504  1  2     0.0000    11.0122
      10        1       24     0.4036    -0.2123     0.0690     6.1951   -26.8035     2.2695  1  3     0.0000    12.4477
      11        1       24     0.5473    -0.0754    -0.1043     1.7049     0.1610     2.4705  1  3     0.0000    11.5829
      12        1       24     0.6488    -0.2113     0.1938   -10.5072   -14.3733    -4.5415  1  3     0.0000    12.3794
      13        1       24     0.1580    -0.0645     0.4430     6.8076   -23.5116    -1.0292  1  3     0.0000    12.4156
      14        1       24    -0.1786     0.0466    -0.3018   -18.9753     4.4110    -0.1621  1  3     0.0000    12.5106
      15        1       24    -0.9386     0.1164     2.0742   -47.5419     2.1755    -3.6709  1  3     0.0000    12.2649
      16        1       24    -0.0826     0.1838     0.7843   -43.4500    28.3398     0.8147  1  3     0.0000    11.4014
      17        1       24    -0.3780    -0.0328     0.7606   -28.2157    -0.2988     0.4735  1  3     0.0000    11.4754
      18        1       24    -0.0962    -0.3368     1.2487    -6.5529   -10.7243    -3.5981  1  3     0.0000    11.9448
      19        1       24     0.4997    -0.0233    -0.5039    12.7396    -2.2882     2.7087  1  3     0.0000    12.0586
      20        1       24    -0.0562    -0.0688    -0.4309    19.7573   -11.5229     1.6781  1  3     0.0000    11.7107
      21        1       24    -0.4499     0.1996     0.7523   -19.9215     6.5298     2.3792  1  3     0.0000    11.6810
      22        1       24     0.8527    -0.3082    -0.0804     0.4040   -15.3313     3.3761  1  3     0.0000    11.4529
      23        1       24     0.6341    -0.1028    -0.5502    26.3511   -28.0002     1.2768  1  3     0.0000    11.9329
      24        1       24    -0.0223    -0.0763    -0.3406    25.7800   -22.8498     1.7102  1  3     0.0000    12.5250
      25        1       24     0.0233     0.0770    -0.3315    10.3046   -18.6012     3.2535  1  3     0.0000    11.4705
      26        1       24     0.3898    -0.0112     0.0440    13.2279   -19.0668     0.6004  1  3     0.0000    12.0592
      27        1       24     0.0259     0.0656     0.8891   -21.6793    -6.5363     0.8884  1  3     0.0000    10.9383
      28        1       24     0.8865    -0.2990     0.2014   -13.9355   -12.5097    -1.6126  1  3     0.0000    11.4389
      29        1       24    -0.1365    -0.1682     0.2928     0.8209   -26.7136    -8.0919  1  3     0.0000    12.7496
      30        1       24     0.3006    -0.2202    -0.9201    17.2255   -23.7538     2.8275  1  3     0.0000    11.9500
      31        1       24     0.3962    -0.3796     0.8012    11.4237   -23.2489    -6.7206  1  3     0.0000    12.6598
      32        1       24     0.5910    -0.0929    -0.8393    24.4458    -5.7609     1.7134  1  3     0.0000    12.1445
      33        1       24     0.4676    -0.1237    -0.2362    -6.9655   -12.4070     0.3846  1  3     0.0000    12.1320
      34        1       24     0.3155     0.0158     0.5309    -3.1668    -9.0329     1.8821  1  3     0.0000    12.9661
      35        1       24     0.3444    -0.0318    -0.3104     5.1498    -6.8267    -4.5494  1  3     0.0000    12.6039
      36        1       24     0.0310     0.1297    -0.6690    12.5191     4.4783     1.9129  1  3     0.0000    11.9759
      37        1       24     0.6162    -0.0811    -0.1653    15.9891    -7.6681     1.1445  1  3     0.0000    11.8572
      38        1       24     0.8629     0.0880     0.0103   -12.7931     1.7742     4.5314  1  3     0.0000    12.0892
      39        1       24     0.4206     0.2030     0.1151   -12.6050   -15.6527     5.7733  1  3     0.0000    12.0107
      40        1       24     0.8259    -0.0546    -0.5921    15.9960   -10.7247     3.6876  1  3     0.0000    12.3627
      41        1       24     0.2407    -0.0874     0.5009   -18.1164    -3.1665     0.3847  1  3     0.0000    11.4264
      42        1       24     0.2903    -0.0834    -0.2054    -6.8970    -0.2657    -7.1083  1  3     0.0000    11.7911
      43        1       24     0.4594    -0.3066     0.3145    -2.2174   -20.0835    -2.8168  1  3     0.0000    11.6138
      44        1       24     0.2268    -0.0748    -0.3478   -11.4376    -0.5095     0.7763  1  3     0.0000    11.9169
      45        1       24    -0.2868    -0.2349    -0.6069    -6.5952     4.5624    -5.5346  1  3     0.0000    11.5476
      46        1       24     0.1460    -0.1713    -0.4359    10.3504   -23.6216    -1.2951  1  3     0.0000    12.4394
      47        1       24     0.3679     0.3387    -0.9869    34.1347   -16.7078    10.8303  1  3     0.0000    11.7624
      48        1       24    -0.1009    -0.0832    -0.4157    15.1396   -30.7320     3.2668  1  3     0.0000    12.0527
      49        1       24     0.7844    -0.0930    -0.6849    -0.3058   -13.0338     1.1123  1  3     0.0000    12.0837
      50        1       24     0.4214    -0.1378    -0.6723     4.4874   -19.4117     1.6626  1  3     0.0000    12.3764
      51        1       24     0.3210    -0.0497    -0.3224    11.5598   -18.9868     4.3213  1  3     0.0000    12.5948
      52        1       24     0.0882    -0.0910     0.2839   -14.4604   -14.4408    -6.9582  1  3     0.0000    12.9795
      53        1       24    -0.0896    -0.0367     0.3290    -1.7897   -19.5280    -2.5443  1  3     0.0000    11.6329
      54        1       24    -0.1618     0.0502     0.1146    14.1739   -13.3466    -3.8416  1  3     0.0000    12.6977
      55        1       24     0.1168    -0.0455    -0.0391    13.3323    -4.3449    -6.7705  1  3     0.0000    12.4826
      56        1       24    -0.5432    -0.1836     0.8839   -18.2250   -20.9684    -6.8869  1  3     0.0000    12.5980
      57        1       24     0.6685     0.0160     0.5893   -14.6286   -12.8921    -1.5313  1  3     0.0000    11.8502
      58        1       24     0.3865    -0.1933     0.7196    -5.0977    -5.9186    -8.1094  1  3     0.0000    12.4930
      59        1       24     0.0749    -0.1181     0.0147     8.6073     2.0377     0.3729  1  3     0.0000    11.7089
      60        1       24     0.2494    -0.1139     0.1316    13.6142   -23.7148    -2.3566  1  3     0.0000    12.2187
      61        1       24     0.3971    -0.2593     0.1272    10.0590   -27.8434    -6.1581  1  3     0.0000    12.9729
      62        1       24     0.2057     0.2391    -0.3188     4.6915    -7.2312     7.5516  1  3     0.0000    11.4268
      63        1       24     0.2601    -0.1745    -0.5013     4.7462    -6.7936    -0.4136  1  3     0.0000    11.8560
      64        1       24     0.4885    -0.1682    -0.1789    20.9750   -18.8489     0.5311  1  3     0.0000    12.4188
      65        1       24     0.0628    -0.0890    -0.4716    12.2863   -13.7918     0.2487  1  3     0.0000    11.6235
      66        1       24     1.5687    -0.1636    -0.9856    34.5125   -24.0320     5.7250  1  3     0.0000    11.7177
      67        1       24     0.5412    -0.1471     0.9084   -15.0089   -23.5212     3.1333  1  3     0.0000    12.0445
      68        1       24     0.5398    -0.1721    -0.1570    -8.0721   -14.4495     2.8179  1  3     0.0000    11.0604
      69        1       24     0.6944    -0.1576    -0.5642    16.1239   -13.5821    -0.9857  1  3     0.0000    11.6188
      70        1       24     0.6974     0.2093     0.5964   -37.2283    -3.0631     2.6222  1  3     0.0000    12.6815
      71        1       24     0.1551    -0.2314     0.2514    -3.1424     8.7812    -6.2878  1  3     0.0000    12.3004
      72        1       24     0.3459     0.1333    -0.9078    39.2997   -34.3639     5.8340  1  3     0.0000    12.1299
      73        1       24    -0.3956    -0.1168     0.9005   -23.0690    -4.9799    -1.1555  1  3     0.0000    11.5823
      74        1       24     0.2545    -0.0894     0.4034     1.9526   -20.4282     1.4903  1  3     0.0000    12.4328
      75        1       24     0.6914     0.0191     0.3772    -4.5435   -10.6390     9.6258  1  3     0.0000    11.9496
      76        1       24    -0.2870    -0.0541     0.2079     8.7131    -6.2489    -1.4160  1  3     0.0000    12.8804
      77        1       24    -0.1298    -0.0756     0.5906     3.0271   -28.4830    -5.9568  1  3     0.0000    13.2378
      78        1       24     0.4299    -0.3008    -0.5303     8.9812    -3.7301    -2.4909  1  3     0.0000    11.9171
      79        1       24     0.5564    -0.0366    -0.8389    33.4171   -38.8665    11.9276  1  3     0.0000    11.8353
      80        1       24     0.1300     0.0667     0.0833    12.8475   -11.3123    -5.7580  1  3     0.0000    12.4944
      81        1       24     0.0795    -0.1637    -0.0367     5.5043    -0.7713    -2.6818  1  3     0.0000    11.5291
      82        1       24     0.5212     0.0053     0.1453   -18.3640   -10.6330     4.1435  1  3     0.0000    12.2873
      83        1       24     0.2596    -0.1359    -0.4594    -5.4244     8.2271    -5.2950  1  3     0.0000    12.2855
      84        1       24     0.7242    -0.2748    -0.1005     5.7851    -9.4361    -1.7741  1  3     0.0000    11.3249
      85        1       24     0.5575    -0.0973     0.0246    23.5558   -26.4299    -4.7384  1  3     0.0000    11.9156
      86        1       24     0.1205    -0.1579    -0.6804    14.5778   -20.0730     0.6689  1  3     0.0000    11.8506
      87        1       24     0.2658     0.1283     0.5771   -18.0535    -9.3259     2.9313  1  3     0.0000    12.6042
      88        1       24    -0.1609    -0.0428    -0.5428     7.2015    -4.0912     1.8006  1  3     0.0000    11.8721
      89        1       24     0.5347    -0.2299    -0.1327    10.2181   -32.4205    -2.6778  1  3     0.0000    12.5063
      90        1       24     0.2417    -0.1840    -0.0318    10.7346    -7.6150    -4.7434  1  3     0.0000    11.8018
      91        1       24     0.4042    -0.1037    -0.4461    24.7308   -21.4494     1.0151  1  3     0.0000    12.4932
      92        1       24    -0.2022    -0.1707     0.5195     3.4430    -4.8736    -4.3521  1  3     0.0000    12.0734
      93        1       24     0.6460    -0.2313     0.2115    -6.7234   -15.5053     2.1641  1  3     0.0000    12.4100
      94        1       24     0.2414    -0.2180    -0.0869    -4.0129   -11.0976    -5.4759  1  3     0.0000    11.3251
      95        1       24     0.3726     0.1033    -0.9692    21.5003   -24.5436    -0.9532  1  2     0.0000    12.4068
      96        1       24     0.4408    -0.1990    -0.5576    -6.2320    -6.5185    -1.9425  1  3     0.0000    11.3536
      97        1       24     0.4501    -0.0089     0.1019     1.9501   -24.3668     0.5792  1  3     0.0000    12.7129
      98        1       24     0.6245     0.1675    -0.3200    25.2818   -26.5977    10.4146  1  3     0.0000    12.2523
      99        1       24     0.2720    -0.0858    -0.6942    19.5526   -20.3449     4.6178  1  3     0.0000    11.2487
     100        1       24     0.1451    -0.1076    -0.6955    23.7148   -18.2950     0.6172  1  3     0.0000    12.1373
     101        1       24    -0.2516    -0.0425     0.3793     0.6109    -4.7030    -2.8384  1  3     0.0000    11.6960
     102        1       24     0.0976     0.0236     0.9643   -17.0553   -18.6737    -2.6746  1  3     0.0000    12.5448
     103        1       24    -0.0978    -0.0778     0.4338    14.8716   -18.7515    -3.1227  1  3     0.0000    13.2091
     104        1       24     0.1269    -0.1497    -0.1337     4.8450   -18.2482     1.9906  1  3     0.0000    12.1997
     105        1       24     0.4518    -0.0781     0.0747    -7.4766   -18.9034    -3.4119  1  3     0.0000    12.3712
     106        1       24     0.0273    -0.0403    -0.5522     5.2888   -16.8265     2.3787  1  3     0.0000    12.4951
     107        1       24    -0.0699    -0.0475    -0.8478    -7.6070     3.4732    -9.7771  1  3     0.0000    12.6656
     108        1       24     0.2210    -0.0056    -0.3835    -3.8181    13.2469    -5.2575  1  3     0.0000    11.9184
     109        1       24     0.5709    -0.1158    -0.0723    -1.8453   -19.0192     1.2525  1  3     0.0000    12.2125
     110        1       24     0.1909    -0.1028     0.0455    13.3460   -29.7598     0.6873  1  3     0.0000    12.3491
     111        1       24     0.5428     0.0517     0.6386   -17.5380   -15.7838     7.1150  1  3     0.0000    11.7910
     112        1       24     0.3071    -0.0257     0.1830     6.6862    -9.3466    -0.7676  1  3     0.0000    11.1972
     113        1       24     0.4502    -0.1463     0.4721     1.2012   -18.3973    -3.2380  1  3     0.0000    11.8083
     114        1       24     1.0337    -0.2594    -0.3771    10.1390    -0.4605     3.1679  1  3     0.0000    11.3874
     115        1       24     0.0880    -0.0638    -0.1819     6.5478    -9.7065    -0.7228  1  3     0.0000    11.6097
     116        1       24     1.0559     0.0080     0.0536    18.4472   -16.8699    10.8412  1  3     0.0000    11.8832
     117        1       24     0.1070     0.0225     0.5343    -9.5172   -12.8646     2.8092  1  3     0.0000    11.1339
     118        1       24     0.5477    -0.0774    -0.0678    21.9299   -14.2153     3.3228  1  3     0.0000    12.2151
     119        1       24     0.1594     0.1190    -0.1231    20.6985   -15.4106    -0.6384  1  3     0.0000    12.3398
     120        1       24     0.4523    -0.3490     0.6280    -3.4797   -26.4426    -1.9736  1  3     0.0000    11.9722
     121        1       24     0.3315    -0.0777    -0.5563     6.9845    -9.2444     3.0011  1  3     0.0000    11.6965
     122        1       24    -0.1599    -0.0609    -0.5600    -3.9818     8.8198    -0.6891  1  3     0.0000    11.8459
     123        1       24     0.7624    -0.2310     0.1741    -4.3688    -4.2668    -0.6861  1  3     0.0000    12.0839
     124        1       24     0.3618    -0.0202    -0.3648    18.1674   -25.1837     0.1397  1  3     0.0000    12.6477
     125        1       24     0.6324    -0.2796    -0.1240     6.4857   -15.6687    -1.7887  1  3     0.0000    12.0445
     126        1       24     0.4016     0.0088     0.1869   -27.4873     5.4834     0.5183  1  3     0.0000    11.4558
     127        1       24     0.3686    -0.0479     0.6562   -13.7984    -2.3897    -7.9587  1  3     0.0000    12.3004
     128        1       24    -0.4992     0.0754    -0.1209   -12.1698     1.2014    -4.9688  1  3     0.0000    12.3992
     129        1       24     0.2833     0.0045     0.0262    -4.1462   -11.5428     2.1331  1  3     0.0000    12.3315
     130        1       24    -0.2110    -0.0154     0.1577     2.9433   -31.5479     3.0872  1  3     0.0000    12.3918
     131        1       24     0.7224    -0.2299    -0.3516    13.2330   -14.2084     1.9968  1  3     0.0000    11.7888
     132        1       24     0.6086    -0.1132     0.3538    -6.8786    -3.0820    -1.1603  1  3     0.0000    12.3582
     133        1       24     0.0287     0.0775    -0.0695   -14.9116    10.3501     0.6261  1  3     0.0000    11.8847
     134        1       24     0.9150    -0.3006    -0.3794     2.3423   -13.8418     7.2913  1  3     0.0000    11.8071
     135        1       24     0.7035    -0.1451     0.5425     3.4362   -26.3059     4.6638  1  3     0.0000    11.8365
     136        1       24     0.6070    -0.1368    -0.7113    14.7689   -14.0692     7.8660  1  3     0.0000    11.4094
     137        1       24     0.5345     0.0103    -0.5566    25.1934   -17.2964     0.6044  1  3     0.0000    12.2310
     138        1       24    -0.2208     0.1132    -0.5206    39.9616   -23.4682    -7.2432  1  3     0.0000    11.9360
     139        1       24     0.4432     0.0354     0.0232     4.3626    -8.4478     0.8864  1  3     0.0000    12.1641
     140        1       24    -0.0930    -0.1957    -0.5316    11.4177   -20.2751    -0.6579  1  3     0.0000    12.6068
     141        1       24     0.5104    -0.1442     0.2592    17.5129   -27.1213     2.1987  1  3     0.0000    12.1985
     142        1       24     0.6080    -0.2230    -0.8236    14.6034   -15.2664     3.2826  1  3     0.0000    11.8087
     143        1       24    -0.0496    -0.0763    -1.1141    23.4222   -24.0572    -0.4088  1  3     0.0000    11.9460
     144        1       24     0.4873    -0.2019    -0.9148    29.6972   -24.4664     1.5730  1  3     0.0000    11.8863
     145        1       24     0.7080    -0.0748    -0.8888    48.0195   -39.4506    -0.4935  1  3     0.0000    11.8870
     146        1       24     0.1818    -0.0900     0.1121   -12.0504   -12.9912     1.0331  1  3     0.0000    11.8246
     147        1       24     0.4886    -0.0137    -0.2061   -15.6273    -9.5331    -0.6722  1  3     0.0000    11.5603
     148        1       24    -0.0618    -0.0343     0.8037   -13.2908    -4.9507    -0.8844  1  3     0.0000    11.6756
     149        1       24     0.1816    -0.0296    -0.1272    18.9184   -27.0227    -1.3220  1  3     0.0000    12.0599
     150        1       24    -0.2379     0.0416    -0.0187    24.8795   -29.7177    -4.2827  1  3     0.0000    12.8298
     151        1       24     0.9280    -0.4482     0.7874    -9.4056   -16.0279    -0.4028  1  3     0.0000    11.4997
     152        1       24     0.2822    -0.0569    -0.0523    13.4968   -26.7692     2.4625  1  3     0.0000    12.0473
     153        1       24     0.2171    -0.0085     0.2435   -13.5867    -5.2601     4.1868  1  3     0.0000    10.7676
     154        1       24     0.8231    -0.1563     0.6670   -14.4042   -25.4264     1.0775  1  3     0.0000    12.4381
     155        1       24    -0.0275    -0.0392    -0.4375     1.0645   -13.6396    -2.7505  1  3     0.0000    12.2986
     156        1       24     0.7086    -0.1574     0.2046   -20.3289    -6.7243     1.0040  1  3     0.0000    11.3225
     157        1       24    -0.4576     0.1265     0.1512     4.3420    -6.8562     1.0937  1  3     0.0000    12.7358
     158        1       24     0.2075    -0.1284     0.0418     0.8115    -4.0334    -1.0535  1  3     0.0000    11.3810
     159        1       24     0.1122    -0.0725     0.3722    -5.1960    -3.6753     1.5541  1  3     0.0000    11.4716
     160        1       24     0.0798    -0.1987     0.5875     8.8227   -15.6076    -6.4606  1  3     0.0000    12.4597
     161        1       24     0.3684    -0.1164    -0.5069     9.8317    -6.3767     3.4077  1  3     0.0000    12.3182
     162        1       24     0.4523    -0.1707    -0.8959    17.2884   -32.2008    15.1797  1  3     0.0000    12.2391
     163        1       24     0.7699     0.0351     0.0812     1.8528    -9.6870     5.1095  1  3     0.0000    11.5108
     164        1       24     0.1985    -0.0514    -0.2509    16.1120   -16.8376     4.6940  1  3     0.0000    12.6810
     165        1       24    -0.1591    -0.0088     0.4656   -19.0252   -11.8933    -2.1780  1  3     0.0000    12.3399
     166        1       24     0.1801    -0.2293    -0.6310     0.7728   -12.1596    -4.1933  1  3     0.0000    11.6994
     167        1       24    -0.1258    -0.0649    -0.6237    14.0592   -11.5409    -1.4108  1  3     0.0000    12.1197
     168        1       24     0.2951     0.0345    -0.2760     0.7825   -11.5876     7.4840  1  3     0.0000    11.8518
     169        1       24    -0.0589    -0.0045     0.1031    -0.7407   -26.5758    -3.4138  1  3     0.0000    12.6414
     170        1       24     0.6074    -0.0398    -0.2711    24.8268   -24.7173     5.7159  1  3     0.0000    12.1740
     171        1       24     0.4330     0.3538    -0.0828    21.4444   -34.2298    10.7842  1  2     0.0000    11.8212
     172        1       24     0.1231    -0.0528     0.6763   -17.9813    -5.2488    -1.1300  1  3     0.0000    11.3689
     173        1       24    -0.3593     0.1259    -0.1156     2.0587    -3.7831     3.0289  1  3     0.0000    11.6579
     174        1       24     0.3414    -0.0313     0.4982     4.9563    -7.4020    -3.3543  1  3     0.0000    12.2322
     175        1       24    -0.1842    -0.1028    -0.5337    17.3699    -7.1900    -2.7484  1  3     0.0000    11.7844
     176        1       24     0.2878    -0.0733    -0.3074    23.8848    -2.2347     0.0955  1  3     0.0000    12.2688
     177        1       24     0.2192     0.2851    -0.7205    22.6468   -15.8164     6.2979  1  3     0.0000    12.0028
     178        1       24    -0.0260    -0.1853     0.0081     8.3774    10.0602    -1.4355  1  3     0.0000    12.3858
     179        1       24     0.0593    -0.0595     0.6979   -25.7937    -8.0016    -1.8612  1  3     0.0000    11.4229
     180        1       24     0.5814     0.0237    -0.6511    15.4219   -27.3255    10.4626  1  3     0.0000    11.7566
     181        1       24     0.5758    -0.0222     0.1166    13.3601   -11.2889     2.4681  1  3     0.0000    11.6519
     182        1       24     0.2237     0.0547    -0.2215    12.7944   -22.4326     6.2877  1  3     0.0000    12.0652
     183        1       24     0.2773    -0.0783     0.4619   -13.9497     4.2969    -0.2774  1  3     0.0000    11.4750
     184        1       24     0.6288    -0.1329    -0.8885    18.2364   -16.5348     1.4112  1  3     0.0000    12.0006
     185        1       24     0.2073     0.0072    -0.5120    13.3189    -5.6679     2.1935  1  3     0.0000    11.8426
     186        1       24    -0.1618     0.0605    -0.4187    30.6743    -9.4615    -2.5412  1  3     0.0000    12.3147
     187        1       24     0.4749    -0.1663    -0.1855     3.7816   -10.3464    -1.2160  1  3     0.0000    11.9797
     188        1       24    -0.0581    -0.0012     0.5420   -12.3341    -6.8524    -2.6017  1  3     0.0000    12.7010
     189        1       24     0.1073    -0.1995    -1.1731     7.4814   -13.6987    -0.4085  1  3     0.0000    12.3580
     190        1       24     0.8768    -0.3877    -0.3671     6.1383    -6.1738    -3.1727  1  3     0.0000    12.0605
     191        1       24     0.3871    -0.2667    -0.2755    -1.0819   -23.5294     1.4370  1  3     0.0000    12.4027
     192        1       24     0.2009    -0.1435     0.6495    -8.7834    -3.2818     1.0101  1  3     0.0000    11.9520
     193        1       24     0.2795    -0.0298    -0.3102     9.5932    -0.8493     0.4028  1  3     0.0000    12.5156
     194        1       24     0.3333    -0.1256     0.6120    -7.0838     2.2414     1.6308  1  3     0.0000    12.8494
     195        1       24     1.1782     0.0014    -0.8056    40.2644   -27.5490     4.3692  1  3     0.0000    11.7590
     196        1       24    -0.1614    -0.0074     0.0352    -3.2437     9.0419    -2.2170  1  3     0.0000    12.2081
     197        1       24     0.0359    -0.1434     0.2694    21.4080   -22.8085    -7.4450  1  3     0.0000    12.3807
     198        1       24     0.1218    -0.1001     0.2209     6.4211   -10.6190    -1.9714  1  3     0.0000    12.1461
     199        1       24     0.2092    -0.2963    -1.3205    12.0264    12.2371    -7.5017  1  3     0.0000    11.9807
     200        1       24     0.5903     0.1038    -0.7484    37.6986   -29.0316     4.0598  1  3     0.0000    12.1365
     201        1       24     0.2115    -0.0084    -1.8017    18.1803    24.9863    -2.6011  1  2     0.0000    12.6765
     202        1       24    -0.2540    -0.3679     0.6213    12.6781   -33.6773   -11.5264  1  3     0.0000    13.2085
     203        1       24     0.3042    -0.0639    -0.0728    -1.0139     0.2226     2.1277  1  3     0.0000    11.4683
     204        1       24     0.8942    -0.1133    -0.3902    25.6892   -20.7128     4.1892  1  3     0.0000    12.2500
     205        1       24     0.1938    -0.0347     0.4276    -8.0662   -13.8487     4.9237  1  3     0.0000    12.1323
     206        1       24     0.6499    -0.1813    -0.0578     8.0554   -15.8556     2.9520  1  3     0.0000    11.9180
     207        1       24    -0.1852     0.0000     0.6105    -7.4115   -18.6890    -1.3461  1  3     0.0000    11.9439
     208        1       24    -0.1532     0.0412     0.0460    -6.3540   -10.2328    -1.8967  1  3     0.0000    13.5297
     209        1       24     0.8656     0.0075     0.2190   -32.7373     0.7742     0.4793  1  3     0.0000    10.9718
     210        1       24     0.4912    -0.3062     0.6087    15.2704     5.1897     1.0416  1  3     0.0000    11.6070
     211        1       24     0.1125     0.0242     0.4543   -26.4903   -16.8618     1.0854  1  3     0.0000    12.1153
     212        1       24     0.4271    -0.0996     0.0858    10.5074   -24.5475     5.2585  1  3     0.0000    12.4930
     213        1       24    -0.0884    -0.0413    -0.0258   -11.4338    -1.6545    -5.6280  1  3     0.0000    12.3163
     214        1       24     0.4313    -0.0501     0.1801   -21.1798   -15.3068    -5.7831  1  3     0.0000    12.5809
     215        1       24     0.1939    -0.1272    -0.6557    -4.1633     2.9573     0.4591  1  3     0.0000    11.3258
     216        1       24     0.4869    -0.4003    -0.8891    -4.4402   -11.9371     3.8961  1  3     0.0000    11.0047
     217        1       24     0.2177    -0.1316     0.3029    -0.5073    -3.5110     2.8789  1  3     0.0000    11.9114
     218        1       24     0.4490     0.1074    -0.1936    12.8409   -14.3879     2.7422  1  3     0.0000    12.3838
     219        1       24     0.2309     0.1779    -0.2305    30.1581   -15.1185     3.3870  1  3     0.0000    12.3990
     220        1       24    -0.2696    -0.0204    -0.0268    23.2883   -28.9400     0.6321  1  3     0.0000    11.8527
     221        1       24     0.6693    -0.0597     0.0506     8.5617   -10.2145     3.5893  1  3     0.0000    11.5114
     222        1       24     0.2269    -0.1329     0.1313     3.7594    11.9350    -2.4779  1  3     0.0000    12.3026
     223        1       24     0.6107    -0.1656    -0.3026    15.1967    -3.2417     2.9352  1  3     0.0000    11.7334
     224        1       24     0.7850    -0.2271     0.4514     1.2548    -0.9066    -1.0465  1  3     0.0000    11.7433
     225        1       24    -0.2163     0.1000     0.1560    -9.2898   -10.5592    -5.4004  1  3     0.0000    13.0570
     226        1       24     0.4027    -0.2048    -0.2006     5.7174     8.1974    -2.5860  1  3     0.0000    11.5050
     227        1       24     0.1691    -0.0336     0.1487   -11.6031     9.8678     1.1101  1  3     0.0000    11.8941
     228        1       24    -0.0506     0.0780     0.2046    -7.8620   -21.8544     2.6366  1  3     0.0000    12.3376
     229        1       24     0.2478    -0.2017     0.2980     4.5247     2.0834    -2.1145  1  3     0.0000    11.5082
     230        1       24    -0.1371    -0.0126     0.0041    -4.5064    -2.5375    -1.2770  1  3     0.0000    12.2826
     231        1       24     0.2754    -0.2132     0.8532    -1.7265   -14.7659    -1.7381  1  3     0.0000    13.0067
     232        1       24     0.3048    -0.1232     0.5265    -7.4027   -20.1347     0.9685  1  3     0.0000    12.4287
     233        1       24    -0.2992    -0.0516     0.0613     6.9290   -14.8966    -4.0263  1  3     0.0000    12.7101
     234        1       24     0.1829    -0.1636    -0.0721    -5.5783   -21.0242    -5.4378  1  3     0.0000    12.1636
     235        1       24     0.3776    -0.2842    -0.9533    -3.5059   -14.1443     1.3505  1  3     0.0000    11.2978
     236        1       24     1.1999    -0.3273    -0.6397    26.5192   -13.6371     0.7467  1  3     0.0000    12.0983
     237        1       24     0.2772    -0.0002     1.4992   -28.3488   -20.8054    -1.0605  1  2     0.0000    11.9376
     238        1       24    -0.5683     0.3020     0.7851   -28.2202    -6.1086    -5.5836  1  3     0.0000    11.7295
     239        1       24    -0.2303     0.1909     0.0033    -9.2524     1.3057     1.4400  1  3     0.0000    11.2910
     240        1       24     0.2486    -0.1710     0.3312    -3.5694   -11.9598    -0.3830  1  3     0.0000    12.3568
     241        1       24    -0.0553    -0.0456    -0.0408     6.8658     9.8347     3.7491  1  3     0.0000    12.4573
     242        1       24     0.3385     0.1480    -0.3430     1.8262    -7.2573     6.1260  1  3     0.0000    12.4296
     243        1       24     1.2171    -0.3698    -0.8713    13.9560   -29.5570     3.8214  1  3     0.0000    12.0487
     244        1       24     0.0196    -0.1793     0.5863     9.2837   -24.7900    -3.2376  1  3     0.0000    12.4283
     245        1       24     0.1966     0.0578    -0.3787    20.3828    -7.7902    -0.4492  1  3     0.0000    12.6096
     246        1       24     0.9841    -0.2254    -0.5603     5.7244    -5.3768    -2.7355  1  3     0.0000    11.6473
     247        1       24     0.4260    -0.0197    -0.8260     6.5531     6.3181     1.5350  1  3     0.0000    12.7976
     248        1       24    -0.0211     0.0175     0.6056    -3.7104   -15.6724    -4.2164  1  3     0.0000    13.1799
     249        1       24     0.2986    -0.1742     0.3804     6.3275   -33.6890    -3.1414  1  3     0.0000    12.2603
     250        1       24     0.5678    -0.2682    -0.8082     3.0222    -0.4925    -3.8903  1  3     0.0000    12.0439
     251        1       24     0.1358     0.0262    -0.6837    23.1796   -22.1182     4.2372  1  3     0.0000    12.4885
     252        1       24     0.0849    -0.3507     0.6290     4.0890   -14.8044    -9.0029  1  3     0.0000    12.4225
     253        1       24     0.1618     0.0482    -0.4912    20.6639    -9.6374     3.7329  1  3     0.0000    11.9687
     254        1       24     0.5808    -0.2953    -0.4709     6.6821   -18.2779    -1.6328  1  3     0.0000    12.7221
     255        1       24     0.3833    -0.1903     0.3939     4.3561   -20.4793     2.3332  1  3     0.0000    12.3409
     256        1       24     0.0566     0.0740     0.1354   -13.1459    -1.4732    -1.1104  1  3     0.0000    12.3913
     257        1       24     0.5001    -0.2042     0.8948    10.9597   -16.0003    -2.0568  1  3     0.0000    12.6404
     258        1       24     0.3994    -0.2002    -0.2316     5.1571    -6.0229     2.6797  1  3     0.0000    10.9040
     259        1       24     0.0966     0.1227    -0.1803    18.5484    -9.3541     1.6901  1  3     0.0000    12.6271
     260        1       24    -0.0401    -0.0214    -0.5205    15.3618   -12.3938     1.5929  1  3     0.0000    12.4370
     261        1       24     0.4304    -0.2064    -0.8164    24.2424   -17.9226     4.5203  1  3     0.0000    11.7065
     262        1       24     0.4723    -0.3242     0.3224     4.7782   -20.1155    -5.1248  1  3     0.0000    12.2164
     263        1       24     0.1605    -0.0114     0.3573     4.1414    -5.6564    -2.2784  1  3     0.0000    12.1438
     264        1       24     0.6680    -0.3838    -1.4064    11.8916    15.2269    -1.8293  1  3     0.0000    11.7745
     265        1       24     0.2132    -0.1501     0.2713   -15.9352   -17.4663     0.6746  1  3     0.0000    11.7974
     266        1       24    -0.1370     0.0555    -0.1219    -7.4619    -1.5740    -3.3057  1  3     0.0000    12.1144
     267        1       24     1.1673    -0.1035     0.9206     3.2878   -32.8676    14.3700  1  2     0.0000    12.5559
     268        1       24     0.0216    -0.0330     0.1617    -6.6028    -0.0910     1.1619  1  3     0.0000    12.0114
     269        1       24     0.2049    -0.1257     0.4790    -3.1844   -18.9834    -2.4113  1  3     0.0000    12.6811
     270        1       24     0.5691    -0.1358    -0.2703     8.8054   -24.4293     4.5880  1  3     0.0000    12.5257
     271        1       24     0.4573    -0.1973     0.1614    -6.5230   -27.6524     0.1718  1  3     0.0000    11.6247
     272        1       24     0.2720    -0.1740    -1.1016     3.5736    -3.6599    -1.6020  1  3     0.0000    12.0621
     273        1       24     0.7714    -0.0985     0.2891     1.2861   -14.0895     3.6192  1  3     0.0000    11.8782
     274        1       24    -0.1867    -0.1255    -0.7125     1.5898     9.0824     1.1764  1  3     0.0000    11.8663
     275        1       24     0.3766    -0.1089    -0.3545    17.3433     3.3127     4.5045  1  3     0.0000    11.0961
     276        1       24    -0.0007    -0.1535     0.0848     2.4939    -1.3186    -0.9166  1  3     0.0000    12.3077
     277        1       24     0.9577     0.0550    -0.5970     7.5385     5.0577     2.9130  1  3     0.0000    11.8289
     278        1       24     0.6375     0.0723    -1.1750    19.4215   -16.8063    13.7557  1  3     0.0000    11.7569
     279        1       24     0.6943    -0.2448    -1.0112     6.4121    -2.9557     5.2585  1  3     0.0000    11.6986
     280        1       24     0.6990    -0.2459    -0.4404    -0.7925   -24.1756     3.1619  1  3     0.0000    11.6593
     281        1       24     0.5505    -0.2202     0.3371    -6.2538   -14.4267     0.6254  1  3     0.0000    11.0741
     282        1       24     0.5862    -0.1218    -0.6919    31.5202   -21.1816     1.3136  1  3     0.0000    12.1305
     283        1       24     1.4772     0.4278    -0.6207    39.2733   -43.2516    26.9979  1  2     0.0000    11.4079
     284        1       24     1.3287    -0.0170    -1.4812    27.2729    -9.1797    14.9396  1  2     0.0000    11.6468
     285        1       24     0.1771     0.2019    -0.3981    30.0237   -23.6813     1.8563  1  3     0.0000    12.1951
     286        1       24    -0.7110     0.0427    -0.4199    10.8922   -11.3639    -1.0524  1  3     0.0000    11.8881
     287        1       24     0.0065    -0.1003    -0.6527     9.5845     0.8195    -3.3961  1  3     0.0000    11.7227
     288        1       24     0.5658     0.0216    -0.5967     2.1931   -15.5966     5.9004  1  3     0.0000    11.6427
     289        1       24    -0.2428     0.0107     0.0142    -8.5649    -1.4464    -1.3301  1  3     0.0000    12.2872
     290        1       24    -0.0884     0.0988     0.7155   -11.1373   -13.8803    -0.1149  1  3     0.0000    11.6561
     291        1       24     0.5164    -0.0477    -0.6555    14.8215    -7.0814     0.9263  1  3     0.0000    12.3086
     292        1       24     0.1816    -0.1706     0.1702   -14.6128     3.4986     0.8855  1  3     0.0000    11.5805
     293        1       24     0.3002    -0.1888    -0.1636   -10.0128   -12.6225    -2.0979  1  3     0.0000    11.9642
     294        1       24     0.7286    -0.4143     0.7628    -0.9464    -0.4726    -2.6935  1  3     0.0000    11.6077
     295        1       24     0.7621    -0.0382    -0.1415    28.9741   -32.9900     7.3035  1  3     0.0000    11.5305
     296        1       24     0.0593     0.0280    -0.6619    24.4862   -10.4457     3.1269  1  3     0.0000    11.4491
     297        1       24     0.1693    -0.0077    -0.1393    19.4124   -15.9515    -0.4732  1  3     0.0000    12.1628
     298        1       24    -0.0350    -0.0699    -0.2096     3.8551    -6.6805    -2.1344  1  3     0.0000    12.4065
     299        1       24     0.3154    -0.1009    -0.3426    -4.4995     2.2463    -2.3006  1  3     0.0000    12.3800
     300        1       24    -0.1189     0.0571     0.3126   -18.4449    10.4933    -1.1952  1  3     0.0000    12.0453
     301        1       24     0.1786     0.1590     0.1756   -32.7197     8.1377    -1.3284  1  3     0.0000    11.4851
     302        1       24    -0.4773    -0.0233     0.2586     2.2259    -6.0917    -7.0652  1  3     0.0000    12.8773
     303        1       24     0.5047    -0.2306     0.1826     5.2326   -15.7106    -6.0167  1  3     0.0000    12.4758
     304        1       24     0.8503    -0.1035     0.9643   -30.5397    -8.8645    -6.7044  1  3     0.0000    11.9156
     305        1       24     0.3689     0.1050    -0.4764    14.4702   -14.0797     1.8232  1  3     0.0000    12.3308
     306        1       24     0.0314    -0.0299     0.0849    10.5431   -23.4689     1.3909  1  3     0.0000    13.0451
     307        1       24     0.2870    -0.0291    -0.7213    14.6660   -21.5086    -0.3588  1  3     0.0000    13.1296
     308        1       24     0.1143     0.0133    -0.6534    -2.6555     4.3293    -0.0787  1  3     0.0000    11.9641
     309        1       24     0.1264     0.0522    -0.2843     3.5426   -26.6218     4.9592  1  3     0.0000    11.3519
     310        1       24     0.3791    -0.0495    -0.1153    -1.3874   -13.4231    -6.4472  1  3     0.0000    12.8527
     311        1       24    -0.4337     0.1395     0.5094    -7.1177    -2.3397     7.3342  1  3     0.0000    11.4517
     312        1       24     0.0403    -0.1573    -0.6997    12.3425    -3.4275    -3.4297  1  3     0.0000    12.4094
     313        1       24     0.4230    -0.1716     0.1686    -3.9493    -7.1326     0.5491  1  3     0.0000    12.2061
     314        1       24     0.0702    -0.0127    -0.0303   -10.8923   -14.0224     1.6282  1  3     0.0000    10.9854
     315        1       24    -0.0019    -0.1328    -0.2832     1.3431   -20.5164    -1.7249  1  3     0.0000    11.9123
     316        1       24     0.2737    -0.0944     1.2705   -18.6154    -3.2853    -2.3902  1  3     0.0000    11.7357
     317        1       24    -0.1523    -0.1386    -0.6010   -14.7062   -20.7775    -0.8624  1  3     0.0000    12.8585
     318        1       24     0.5120    -0.1738     0.0519    -8.5814    -2.2653    -0.7563  1  3     0.0000    12.3109
     319        1       24    -0.4238    -0.0022    -0.4930     8.9010     2.4277    -1.1314  1  3     0.0000    11.7075
     320        1       24     0.6295    -0.1563    -0.7394    28.4100   -27.6128    -0.7501  1  3     0.0000    11.9101
     321        1       24     1.2395     0.0254    -0.0740    34.2642   -42.9920     6.6571  1  2     0.0000    12.2974
     322        1       24     0.2506    -0.1743     1.3060   -17.3242   -21.8795    -5.4744  1  3     0.0000    12.3698
     323        1       24     0.0204    -0.0913    -0.0681     2.9021   -22.3028    -4.3698  1  3     0.0000    11.6692
     324        1       24     0.2291    -0.0940     0.2795     0.8464    -7.6001    -3.2812  1  3     0.0000    11.9946
     325        1       24    -0.2484    -0.1812     0.0707     0.6294    -2.6293    -5.1752  1  3     0.0000    11.8471
     326        1       24     0.0034    -0.1790    -0.6304     9.0175    -8.8394    -1.7101  1  3     0.0000    11.7338
     327        1       24    -0.2781     0.0043     0.2330     2.4075   -16.4294     1.3244  1  3     0.0000    11.6479
     328        1       24     0.1653    -0.0312     0.6860   -18.5352     7.2143     3.1134  1  3     0.0000    10.5910
     329        1       24     0.0183     0.1468     0.3652   -19.1730    -2.4138     0.5290  1  3     0.0000    11.4291
     330        1       24    -0.1317     0.0706     0.0357     0.0544   -19.2078    -2.0872  1  3     0.0000    12.6397
     331        1       24     0.1719    -0.1187    -0.6097     9.0442   -17.3211     0.1565  1  3     0.0000    11.9988
     332        1       24    -0.0395     0.0604    -0.2478    -0.4125    -7.6923     1.4620  1  3     0.0000    11.1729
     333        1       24    -0.0623     0.0677    -0.1662    -2.1862    -2.5992     0.2783  1  3     0.0000    11.8192
     334        1       24     0.1732    -0.1048     0.2239    -4.6353   -14.9128    -4.1855  1  3     0.0000    11.7152
     335        1       24     0.5091    -0.0834     0.0139    -0.3151    -6.8937     0.4028  1  3     0.0000    12.3880
     336        1       24     0.3207    -0.1086     0.0102   -11.6890    -7.6950    -2.5176  1  3     0.0000    11.8839
     337        1       24     0.1845    -0.0032    -0.2187    24.4670   -36.3495     1.6848  1  3     0.0000    13.0350
     338        1       24     1.2106    -0.0037    -0.0046    29.1270   -30.2901     9.0763  1  3     0.0000    12.1151
     339        1       24    -0.2544    -0.0608    -0.2729     0.1606    -9.5985     0.8502  1  3     0.0000    11.9616
     340        1       24    -0.0677     0.2566     0.6911   -26.5700   -13.8526    -1.5348  1  3     0.0000    11.6606
     341        1       24     0.2851    -0.1860     0.0138   -15.4035    -2.8331    -1.1618  1  3     0.0000    12.5827
     342        1       24     0.5168    -0.1270     0.2498    -8.6133   -11.8984    -0.7052  1  3     0.0000    11.6112
     343        1       24     0.0877    -0.0856     0.6390    -4.7026    -6.9287    -2.4605  1  3     0.0000    12.8041
     344        1       24    -0.3491    -0.1094    -0.8766    -1.7164    -3.6639     2.6767  1  3     0.0000    10.9127
     345        1       24     0.2130    -0.0629     0.1714    -5.9308     5.3828     5.8759  1  3     0.0000    11.6561
     346        1       24     0.3595     0.2529    -0.3605    30.7559   -21.5010     4.6391  1  3     0.0000    12.0779
     347        1       24     0.0049     0.0200    -0.3612    15.3701    -5.0458    -5.0943  1  3     0.0000    12.6446
     348        1       24     0.3002    -0.0375    -0.2235    -9.2505    -5.4732     2.6533  1  3     0.0000    12.4345
     349        1       24     1.1421    -0.1385     0.2465   -21.8578     6.9803     5.7730  1  3     0.0000    10.8165
     350        1       24     0.8640    -0.2389     0.0772    -2.1214   -11.0022    -3.1166  1  3     0.0000    11.6980
     351        1       24    -0.0463    -0.1666     0.5273     5.8674   -21.5535    -6.5629  1  3     0.0000    11.8861
     352        1       24     0.7036    -0.2819     0.4852     0.3287   -34.5774    -1.7052  1  3     0.0000    12.6610
     353        1       24    -0.2387    -0.0647    -0.3522    -0.8780    -5.3961     0.3215  1  3     0.0000    12.3506
     354        1       24    -0.0443    -0.2343    -1.4420     6.8396     5.5154    -5.4579  1  3     0.0000    11.4453
     355        1       24    -0.0415    -0.0369     0.2827     5.4448    -1.7161     0.5162  1  3     0.0000    11.7141
     356        1       24     1.0279    -0.0444    -1.2044     7.9909   -11.3245    19.2162  1  2     0.0000    11.1581
     357        1       24     0.0415    -0.0041     0.2469    13.8515    -4.7338    -0.1356  1  3     0.0000    11.3610
     358        1       24     0.4833    -0.2371     0.2352    -9.3534    -8.2277     1.9707  1  3     0.0000    11.1993
     359        1       24    -0.0294    -0.0533     0.1717     2.9295    -0.4586    -3.2495  1  3     0.0000    11.4047
     360        1       24    -1.3642     0.0213     1.5226   -32.4328     6.3637    -1.2434  1  3     0.0000    12.2772
     361        1       24    -0.7035     0.4004     1.9023   -56.2186     4.5493     5.4743  1  3     0.0000    10.9832
     362        1       24    -0.1811    -0.0263     0.7877   -11.2095   -21.1111    -1.6830  1  3     0.0000    12.6807
     363        1       24    -0.0677    -0.0659     0.0717    -8.8507   -14.5916    -2.6350  1  3     0.0000    12.8009
     364        1       24     0.7927    -0.2385    -0.2038    11.1041   -13.7933     0.8506  1  3     0.0000    11.9198
     365        1       24     0.5174    -0.2532    -0.7467    13.9269   -15.3360     3.9676  1  3     0.0000    11.6195
     366        1       24     0.7227    -0.2610     0.1709     5.6368   -10.6145    -2.1111  1  3     0.0000    12.0371
     367        1       24     0.5043    -0.1664    -0.4226    26.3913   -17.8990    -1.0801  1  3     0.0000    12.1499
     368        1       24     0.1343    -0.0552    -0.0179    -7.4964   -13.3087    -2.7351  1  3     0.0000    11.3939
     369        1       24    -0.4192    -0.0498     0.8950   -13.7682    -5.2660    -1.9882  1  3     0.0000    11.8514
     370        1       24     0.5435    -0.1331     0.1964    -1.8344   -37.0697    -5.7850  1  3     0.0000    12.2807
     371        1       24     0.4005    -0.1684    -0.0292     6.7986   -24.6231    -0.1372  1  3     0.0000    11.8585
     372        1       24     0.6414    -0.2825    -0.2923    19.2326   -21.3146    -4.8535  1  3     0.0000    12.5961
     373        1       24     1.3412    -0.4501    -1.3636    18.9087   -21.4069     6.5373  1  3     0.0000    11.8478
     374        1       24     0.1409    -0.2327    -0.9925    -2.8613    -7.7402     1.6385  1  3     0.0000    11.7256
     375        1       24     0.1328    -0.1105     0.4267     4.8158    -6.1493    -1.2724  1  3     0.0000    12.3019
     376        1       24    -0.0302    -0.1187    -0.9329    15.6475   -21.9271     0.5461  1  3     0.0000    11.9106
     377        1       24    -0.5330    -0.0150     0.7375    -9.5716   -19.7196    -5.4478  1  3     0.0000    11.9684
     378        1       24     0.0633    -0.1072     0.5222     9.6281    -7.0133    -5.2364  1  3     0.0000    12.2130
     379        1       24     0.4224    -0.2382    -0.5337     1.6947     6.3957     0.2441  1  3     0.0000    11.4155
     380        1       24    -0.2863    -0.0257     0.7930   -16.9405    -6.1496    -4.0508  1  3     0.0000    12.2031
     381        1       24     0.2624    -0.0014    -0.3059    14.2369   -23.5269     3.7330  1  3     0.0000    12.0018
     382        1       24     0.4739    -0.1556     0.0129    18.1466   -30.8385     0.7986  1  3     0.0000    12.2997
     383        1       24     0.4021     0.1823    -1.5406    51.5731   -26.4050     7.0040  1  3     0.0000    12.0206
     384        1       24     0.6316    -0.1051     1.0781    -7.9049   -28.0798     2.9777  1  2     0.0000    11.9887
     385        1       24    -0.2082    -0.0513    -0.1483    -6.6922    -2.6114    -4.5735  1  3     0.0000    12.0636
     386        1       24    -0.0041    -0.1761     0.7186   -11.6699   -12.2407    -6.7825  1  3     0.0000    12.1589
     387        1       24     0.2628    -0.0054     0.1281    -7.4629     2.0259     2.8230  1  3     0.0000    12.6071
     388        1       24     0.2986    -0.1702     0.2553    -6.9760    -1.5176    -3.7102  1  3     0.0000    12.9701
     389        1       24     0.6560    -0.2323    -0.2895    10.5811   -24.9144    -0.3425  1  3     0.0000    13.0741
     390        1       24     0.3389     0.0416     0.1091     3.9421   -26.4071    -0.7629  1  3     0.0000    12.1988
     391        1       24     0.1682     0.0583     0.8564   -29.2353     4.4032     2.1988  1  3     0.0000    13.2117
     392        1       24     0.0151    -0.0417     0.0005    -1.8877   -19.4176     0.5393  1  3     0.0000    12.5386
     393        1       24     0.3883    -0.0910     1.3181   -15.1272    -7.8457    -0.8758  1  3     0.0000    13.0931
     394        1       24     0.7787    -0.2492     0.5552     1.7363   -10.8763     0.5239  1  3     0.0000    12.3264
     395        1       24     0.1623    -0.1376     0.3905    -9.9875    -6.5636    -3.7040  1  3     0.0000    11.6622
     396        1       24     0.5932    -0.1339    -0.4457    25.3293   -18.7272     2.9811  1  3     0.0000    11.7463
     397        1       24     0.9384    -0.1698     0.1663     4.0370   -25.6544     9.2019  1  3     0.0000    10.8767
     398        1       24     0.7145    -0.0196    -0.4338    28.0129   -39.1586     9.1415  1  3     0.0000    11.8858
     399        1       24    -0.2776     0.1399     0.5451    15.6190   -17.9405     1.1337  1  3     0.0000    11.9510
     400        1       24     0.4283    -0.3082     0.5579    13.2971   -16.2620    -4.6103  1  3     0.0000    11.5612
     401        1       24     0.3121    -0.0064    -0.0347    29.1637   -36.9837     5.5862  1  3     0.0000    11.8146
     402        1       24     0.2764    -0.2251     0.0673    -6.7136   -19.4399     1.5744  1  3     0.0000    11.3831
     403        1       24     0.0994    -0.0512    -0.3897     9.0908   -23.1129     3.3847  1  3     0.0000    12.0889
     404        1       24     0.8070    -0.0753    -0.3861    25.3446   -20.3701     1.2046  1  3     0.0000    11.5795
     405        1       24     0.5286    -0.0729    -0.6943    27.2840   -12.8590     4.2915  1  3     0.0000    11.1618
     406        1       24     0.3429     0.0089    -0.1581    10.8367    -2.0313    -1.4594  1  3     0.0000    12.6905
     407        1       24    -0.1337     0.0061     0.1122     6.7527   -19.0027   -10.5971  1  3     0.0000    13.1530
     408        1       24     0.3230     0.1919    -0.1169     4.0363   -15.9620     6.6864  1  3     0.0000    11.5264
     409        1       24     1.1117    -0.3754    -0.3304    15.1017   -12.3777     6.0904  1  3     0.0000    11.5492
     410        1       24    -0.2891    -0.0681    -0.2939    11.8986   -36.7061    -4.3166  1  3     0.0000    12.4812
     411        1       24     0.5339    -0.0432     0.0082    23.2646   -27.3192    -0.6297  1  3     0.0000    11.8114
     412        1       24    -0.1216     0.1157    -1.1653    28.8248   -26.9315     9.5481  1  3     0.0000    11.8571
     413        1       24     0.3688    -0.1141     0.5337    10.5562   -33.6518     2.5414  1  3     0.0000    11.6649
     414        1       24     0.1587    -0.1351     0.3422    -0.9473   -35.0640    -3.4046  1  3     0.0000    12.3934
     415        1       24     0.6718     0.1052     0.0906     0.0471   -14.1439     8.1090  1  3     0.0000    11.8110
     416        1       24    -0.0713    -0.2501    -0.0078    -2.3738    -7.6349    -4.5351  1  3     0.0000    12.9478
     417        1       24     0.4415    -0.2356    -1.0862    27.7233   -22.1435     0.9332  1  3     0.0000    12.3188
     418        1       24     0.7695    -0.4151     0.9447    -0.1669    -1.4695     0.2174  1  3     0.0000    11.1406
     419        1       24     0.3400    -0.1400    -0.8509    15.1243   -11.9933    -5.0775  1  3     0.0000    12.1358
     420        1       24     0.0182    -0.0245    -0.9642    32.8217   -35.8645     3.9683  1  3     0.0000    12.3912
     421        1       24     0.0513     0.0190     0.0034     9.8366   -14.9204     1.9262  1  3     0.0000    11.8507
     422        1       24    -0.3234     0.0002    -0.2422    10.8624    -2.5405    -2.4080  1  3     0.0000    12.2595
     423        1       24     0.2115     0.2236     0.1487   -16.8998    15.4885     0.4306  1  3     0.0000    11.1023
     424        1       24     0.6191     0.0048    -0.3533    -2.3900   -11.4799     2.7665  1  3     0.0000    12.1224
     425        1       24     0.0582    -0.1374     0.1415    -5.3152   -21.3728    -2.9743  1  3     0.0000    12.9371
     426        1       24    -0.0132     0.1004    -0.1609    -0.0686   -15.1381     3.8121  1  3     0.0000    12.4445
     427        1       24     0.1448    -0.2499     0.3874     3.2822   -24.5601    -6.4619  1  3     0.0000    12.5051
     428        1       24     0.5880    -0.2191     0.4324    17.4571    -6.3704    -2.9671  1  3     0.0000    12.3334
     429        1       24     0.0075    -0.1095     0.3349    -2.3164   -22.2107    -0.4129  1  3     0.0000    12.5866
     430        1       24     0.4821     0.1301     0.1141    -1.2085   -13.4358     3.1531  1  3     0.0000    11.9799
     431        1       24     0.6185    -0.1822     1.0475   -30.5631    21.3023    -1.2481  1  3     0.0000    11.2537
     432        1       24     0.6323    -0.1682    -0.1777     4.3164   -18.8601    -0.9650  1  3     0.0000    11.9295
     433        1       24     0.0000     0.0000     0.0000     0.0000     0.0000     0.0000  0  0     0.0000     0.0000
     434        1       24     0.0000     0.0000     0.0000     0.0000     0.0000     0.0000  0  0     0.0000     0.0000
     435        1       24    -1.3581    -3.9994     3.2801    13.1034     9.5247   -53.4256  1  1     0.0000     9.5894
     436        1       24     0.0000     0.0000     0.0000     0.0000     0.0000     0.0000  0  0     0.0000     0.0000
     437        1       24    -5.3590    -3.4787     2.8306     3.6917    10.5309   -18.4073  1  0     0.0000    10.1867
     438        1       24    -1.3707    -4.4485     3.4091     8.8111     5.2673   -50.8820  1  0     0.0000     9.5852
     439        1       24     0.0000     0.0000     0.0000     0.0000     0.0000     0.0000  0  0     0.0000     0.0000
     440        1       24     0.0000     0.0000     0.0000     0.0000     0.0000     0.0000  0  0     0.0000     0.0000
     441        1       24     0.0000     0.0000     0.0000     0.0000     0.0000     0.0000  0  0     0.0000     0.0000
     442        1       24     0.0000     0.0000     0.0000     0.0000     0.0000     0.0000  0  0     0.0000     0.0000
     443        1       24     0.0000     0.0000     0.0000     0.0000     0.0000     0.0000  0  0     0.0000     0.0000
     444        1       24     0.0000     0.0000     0.0000     0.0000     0.0000     0.0000  0  0     0.0000     0.0000
     445        1       24    -1.4890    -5.6071     4.0290    -3.2368    26.7063   -33.1703  1  0     0.0000     6.8298
     446        1       24    -1.6545    -4.5351     3.8178    24.4418   -29.7794   -21.6304  1  1     0.0000     7.6297
     447        1       24     0.0000     0.0000     0.0000     0.0000     0.0000     0.0000  0  0     0.0000     0.0000
     448        1       24     0.0000     0.0000     0.0000     0.0000     0.0000     0.0000  0  0     0.0000     0.0000
     449        1       24    -3.1793    -5.0956     3.3786    -0.8039    -2.4818    -8.9476  1  0     0.0000     6.7084
     450        1       24     0.0000     0.0000     0.0000     0.0000     0.0000     0.0000  0  0     0.0000     0.0000
     451        1       24     0.0000     0.0000     0.0000     0.0000     0.0000     0.0000  0  0     0.0000     0.0000
     452        1       24    -0.3890    -4.3490     3.2726    10.3809   -10.6576   -52.2423  1  1     0.0000     8.2060
     453        1       24    -1.7321    -5.0597     3.4022    -7.2276    -3.4961   -52.5848  1  1     0.0000     8.0252
     454        1       24     0.3490    -3.1397     2.8862     4.8274    -9.5906   -58.4693  1  1     0.0000    10.0517
     455        1       24    -0.1884    -0.0715    -0.1376    -9.3303   -13.7014    -1.9182  1  3     0.0000    12.5394
     456        1       24     0.4087     0.0810     0.4279     0.3987   -18.1433     2.4384  1  3     0.0000    12.9251
     457        1       24     0.1051    -0.0418     0.4349   -17.2659    -2.9265     0.5749  1  3     0.0000    12.0663
     458        1       24    -0.2082    -0.0208    -0.0747     3.2950   -10.6374     4.5612  1  3     0.0000    11.2459
     459        1       24     0.1919    -0.1674     0.2079     2.8757   -16.1728    -2.7837  1  3     0.0000    12.5202
     460        1       24     0.4271    -0.2440    -0.5149     4.2742    -9.6801     0.2795  1  3     0.0000    11.6424
     461        1       24     0.0548    -0.1479    -0.8123    24.2500     5.5845    -2.9480  1  3     0.0000    11.5602
     462        1       24     0.6546    -0.1164    -0.1893    11.6422    -7.4604    -2.4967  1  3     0.0000    11.9546
     463        1       24    -0.0537    -0.0225     0.8905    -2.9088    -9.6055    -0.9848  1  3     0.0000    11.5761
     464        1       24     0.4665    -0.0725     0.9404   -22.1447    -3.1274     1.6893  1  3     0.0000    11.7114
     465        1       24     0.0107     0.0126    -0.1480   -10.5652    -2.9774    -0.1907  1  3     0.0000    11.8933
     466        1       24     0.0116    -0.0325    -0.5018     6.6655   -12.9669    -3.4164  1  3     0.0000    12.7160
     467        1       24     0.2739    -0.0265     0.7016   -15.0700   -11.1745    -1.1097  1  3     0.0000    11.8330
     468        1       24     0.7222    -0.1399    -0.0997   -14.0779     5.3147     2.0303  1  3     0.0000    11.4909
     469        1       24     0.0892    -0.0321    -0.1712     6.1960    -4.8599    -2.6045  1  3     0.0000    11.8360
     470        1       24     0.0891    -0.1935     0.7848     4.6758   -12.2420    -2.0275  1  3     0.0000    12.6708
     471        1       24     0.2213    -0.1660     0.5013    -0.5916   -15.8053     2.4813  1  3     0.0000    12.1161
     472        1       24    -0.0236    -0.0322    -0.0414    -2.4739   -20.4799     3.2125  1  3     0.0000    11.6912
     473        1       24     0.5002    -0.1115    -0.1543   -13.2294   -11.8519     3.2836  1  3     0.0000    11.4222
     474        1       24     0.1788    -0.0068    -0.3874    10.6699    -7.3591     1.9754  1  3     0.0000    11.6455
     475        1       24     0.4874    -0.0162     0.0201    -0.8289    -1.4484     2.3294  1  3     0.0000    12.3636
     476        1       24     0.6670    -0.2117    -0.0850     8.7996   -14.8124    -2.4110  1  3     0.0000    11.6784
     477        1       24     0.2126    -0.0865     0.1906    10.8503    -8.2578    -3.7128  1  3     0.0000    11.8197
     478        1       24     0.4658    -0.2253     0.5622     1.8180    -6.4164    -1.3740  1  3     0.0000    11.4231
     479        1       24     0.1834     0.2467    -0.4422    29.0158    -3.7495     5.7543  1  3     0.0000    12.2402
     480        1       24     0.9904    -0.4303     0.6062    -1.4875    -9.5130    -0.7781  1  3     0.0000    11.3055
     481        1       24    -0.0826    -0.0733     1.0717   -25.9057   -17.1516     2.0000  1  3     0.0000    12.2362
     482        1       24     0.6065    -0.1630    -0.0699    -7.8989    -7.2305    -0.8453  1  3     0.0000    12.0981
     483        1       24     0.1324    -0.1411     0.9499   -27.7768   -15.6180    -2.7176  1  3     0.0000    11.4124
     484        1       24     0.0793    -0.0528     0.2438    -7.6273   -13.3591    -0.6898  1  3     0.0000    11.9960
     485        1       24     0.9431    -0.3867    -0.2680     7.0865   -13.3896     0.5374  1  3     0.0000    11.8229
     486        1       24     0.1770    -0.1886     0.8222     2.6833   -20.9788    -3.4707  1  3     0.0000    11.9329
     487        1       24     0.0915    -0.0222     0.5328   -13.8113    -4.9597    -2.2908  1  3     0.0000    12.4034
     488        1       24     0.0833    -0.0850     0.0041    -7.8821   -13.8348     0.2154  1  3     0.0000    11.6504
     489        1       24     0.2649     0.0746     0.5763    -7.2457    -6.3659    -4.3839  1  3     0.0000    11.9667
     490        1       24     0.3409    -0.0270     1.0471   -30.5712    -1.4027    -1.2072  1  3     0.0000    11.0632
     491        1       24    -0.0988    -0.0937     0.1345    -0.4004    23.6213    -1.6622  1  3     0.0000    11.9073
     492        1       24     0.1760    -0.1836    -0.7674    -6.3600     5.0146    -4.3319  1  3     0.0000    12.2728
     493        1       24     0.2495     0.1859     0.2370   -36.3330    -5.1022     1.3882  1  3     0.0000    12.0410
     494        1       24     0.3279    -0.1022     0.1328   -17.7680    -5.9467    -2.0852  1  3     0.0000    12.8668
     495        1       24     0.2214    -0.1499     0.4876     8.1013   -29.0092   -11.2934  1  3     0.0000    12.7773
     496        1       24     0.2036     0.0264    -0.4374   -17.3269    -6.2484     1.6563  1  3     0.0000    11.7089
     497        1       24     0.3945    -0.2277    -0.2884     3.9626     7.1754    -0.0236  1  3     0.0000    11.8856
     498        1       24     0.1937    -0.0036     0.2254     3.3341   -21.3572    -0.9960  1  3     0.0000    12.7647
     499        1       24     0.9217    -0.2410    -0.4403     6.4960   -18.9690     1.8723  1  3     0.0000    13.1565
     500        1       24     0.1229    -0.2317    -0.7181     6.4941    -5.7690     0.1634  1  3     0.0000    12.3727
