       1        6       19     0.2640     0.1491    -0.0401     2.5066   -20.2616     0.1056  1  2    19.4841    12.1843
       2        6       19     0.1761     0.0990    -0.0391     8.6657   -22.6207    -3.6205  1  2    19.2475    12.6885
       3        6       19     0.0021     0.0270     0.5024     8.9270   -20.5673    -0.1154  1  2    19.0452    12.6392
       4        6       19     0.4343     0.0403     0.1859    12.8556    -3.8796    -0.1358  1  2    20.3957    12.3025
       5        6       19    -0.1678     0.0119    -0.2708     4.3323   -19.1070    -0.1049  1  2    19.3766    12.5290
       6        6       19     0.4597     0.0257     0.0481    -1.8126    -9.3615     6.8099  1  2    18.9671    11.8701
       7        6       19     0.2340     0.2708    -0.0667     2.1602   -15.2309     4.3191  1  2    19.5245    12.7385
       8        6       19     0.3794     0.0083     0.0171     0.2348   -14.8260     2.3642  1  2    20.2259    12.4305
       9        6       19    -0.0272    -0.0647     0.4975     3.0938    -7.5232    -9.0058  1  2    19.1139    12.6789
      10        6       19     0.3939     0.1643    -0.0144    11.6996   -32.1169   -14.7291  1  2    18.9666    13.3433
      11        6       19    -0.0790    -0.1991     0.6365     0.2058   -20.3215    -2.4859  1  2    19.7757    12.1986
      12        6       19     0.1366    -0.0548    -0.3302    -5.2893   -26.0893     4.1172  1  2    19.0623    12.3168
      13        6       19     0.1485     0.1126    -0.1999   -14.1926   -16.6435    -0.1952  1  2    20.0090    12.9555
      14        6       19     0.2412     0.1464    -0.0376    -0.6197   -17.3965    -0.9385  1  2    19.4180    12.6980
      15        6       19     0.1004    -0.0074    -0.1423     0.4791   -13.4340    -2.4796  1  2    20.1231    12.5663
      16        6       19     0.3014     0.0152     0.6626    13.1807   -16.0916    -3.2458  1  2    20.0187    12.4083
      17        6       19     0.4873    -0.0915     0.1772    -3.3644   -12.1254     1.7924  1  2    18.8378    12.4074
      18        6       19     0.3420     0.1422    -0.1729    -6.9472   -20.7008    -1.5914  1  2    19.9665    12.4400
      19        6       19     0.1608     0.0736     0.6294    -0.2787   -15.6007     3.1401  1  2    19.2487    12.6386
      20        6       19    -0.3480     0.0585     0.1352    -6.0396   -18.0906     5.5904  1  2    19.3266    12.2246
      21        6       19     0.3330     0.1428    -0.1280    -2.6219   -10.8664    -5.6943  1  2    18.4015    12.0322
      22        6       19     0.0599    -0.1302     0.2381    -1.9253   -17.5668     0.0683  1  2    19.8885    12.5774
      23        6       19    -0.0613     0.0275     0.2571    -6.7152   -26.7557    -6.6783  1  2    20.1954    12.5169
      24        6       19     0.0310    -0.2369    -0.8336    -7.3955   -30.5161     3.0415  1  2    19.3862    12.2541
      25        6       19    -0.0838     0.0170    -0.4509    -0.6424   -16.1515    -1.2252  1  2    19.3763    12.5249
      26        6       19    -0.2606    -0.0752     0.1228     3.3826   -24.8688     7.6455  1  2    19.4182    11.9475
      27        6       19     0.0132     0.0180     0.1088    11.7516   -14.3292    -4.4368  1  2    19.5348    12.5821
      28        6       19     0.0614     0.0029     0.5473     7.0336   -12.1834    -1.9655  1  2    19.1979    12.5489
      29        6       19     0.5777     0.2629     0.1677     0.5359   -19.3971     9.5130  1  2    19.3093    12.1220
      30        6       19     0.4032    -0.0574     0.5341    14.9721   -19.6153    -0.8208  1  2    18.6293    12.5896
      31        6       19     0.2275     0.0724     0.4984     3.4895   -19.7037     2.2601  1  2    19.5286    12.5641
      32        6       19     0.0543    -0.1474    -0.5225    -3.9218   -22.4214     6.8782  1  2    20.1488    12.2143
      33        6       19    -0.1669    -0.1863     0.1797    -9.2835   -13.9245    -4.0521  1  2    20.2216    12.4522
      34        6       19     0.1328     0.0031     0.0033     2.7315   -25.3889     1.5517  1  2    20.7154    12.9294
      35        6       19     0.2444    -0.0431    -0.4473     1.3192    -9.0588     1.0129  1  2    19.6888    12.2569
      36        6       19     1.0242     0.0842     0.8747    27.0225   -23.3392    -7.4017  1  2    19.8074    12.4149
      37        6       19     0.2348    -0.1673    -0.7042    -6.6605   -17.0709    -4.2171  1  2    20.0240    12.0280
      38        6       19     0.3256     0.1882    -0.1570    -7.9513   -24.7129    -1.5742  1  2    19.4318    12.8290
      39        6       19     0.0401    -0.0028    -0.0659     3.6687   -27.2791    -5.3194  1  2    20.1300    13.1294
      40        6       19    -0.2413    -0.1765    -0.5401    -5.2903   -12.1285    -1.3294  1  2    19.8369    12.0733
      41        6       19     0.0257     0.0540    -0.6594    -9.7919   -14.8639    12.8641  1  2    19.8599    11.8138
      42        6       19    -0.1351     0.0303    -0.1985    -7.5759   -15.8278     0.2020  1  2    20.5893    12.5800
      43        6       19     0.0051     0.2770     0.3829     8.1721   -22.3391    -2.1136  1  2    19.6793    12.7941
      44        6       19    -0.1009    -0.0598    -0.3068    -0.3326   -31.2123     2.3203  1  2    18.6905    12.6268
      45        6       19    -0.3074     0.1295    -0.3502     2.1384   -23.9185    -6.7897  1  2    20.2487    12.9114
      46        6       19     0.2241     0.0720     0.0821     3.7159   -19.7961     5.4535  1  2    19.4918    12.1579
      47        6       19     0.0582    -0.0010    -0.1281    10.3438   -33.2634    -5.9957  1  2    20.7856    13.1172
      48        6       19     0.5949     0.1358    -0.7298    -7.4361   -29.5561     3.5835  1  2    19.8334    12.6781
      49        6       19    -0.1863    -0.0880     0.1965    -7.3713   -20.3900    -5.8814  1  2    19.5506    12.5776
      50        6       19     0.3611     0.0993     0.2899    10.3948   -15.0392    -4.9338  1  2    18.0787    12.4275
      51        6       19     0.6187    -0.0576     0.9446    22.9710   -13.1415    -3.6624  1  2    20.1419    12.1003
      52        6       19     0.3884    -0.0471     0.0750     2.2262   -31.1105    -4.7225  1  2    19.8908    13.0965
      53        6       19    -0.0171    -0.0549     0.0867    -0.1808   -14.6279     0.5368  1  2    19.2045    12.8344
      54        6       19     0.1481    -0.0436     0.2548     8.0883   -23.3739     0.5549  1  2    19.6467    12.4146
      55        6       19     0.0755    -0.0425     0.3113     8.9095    -8.2681     2.4102  1  2    20.1005    11.9383
      56        6       19     0.0062    -0.1139    -0.4246    -0.8629   -20.5521     9.6432  1  2    19.1115    12.0022
      57        6       19     0.0808    -0.1215    -0.2608    15.4304   -35.7881     2.8460  1  2    19.6170    12.5072
      58        6       19    -0.3314    -0.1418    -0.4347    -1.5268   -17.2194    -1.5762  1  2    19.4568    12.6792
      59        6       19     0.1202    -0.0583    -0.0490     7.0123   -25.3180     2.1551  1  2    19.5653    12.4599
      60        6       19    -0.5539     0.2435     0.2293     2.5867   -24.6642     8.1681  1  2    19.9205    12.7097
      61        6       19     0.4824    -0.0428    -0.7004    -4.4168   -13.4507     5.1320  1  2    18.7625    12.1459
      62        6       19     0.3827    -0.0482    -0.4857   -14.0110   -17.1731     2.1757  1  2    18.2146    12.1861
      63        6       19     0.0781     0.2128    -0.4541   -12.3024   -30.0994     0.6277  1  2    18.4729    12.6937
      64        6       19    -0.0249    -0.0605     1.0401     4.6902    -2.8177     1.9001  1  2    20.6623    12.8198
      65        6       19     0.5439     0.0282    -0.1794    -0.3750   -18.5556    -0.5795  1  2    18.9460    12.4479
      66        6       19     0.1518    -0.0766    -0.3406   -15.6235   -24.9912     2.0741  1  2    20.5111    12.5481
      67        6       19    -0.4387     0.0296     0.3144     9.5422   -19.7141     6.4571  1  2    19.7590    12.3136
      68        6       19     0.5684     0.0484     0.1152    -1.0206   -14.1243     0.7474  1  2    19.7338    12.3532
      69        6       19    -0.3081    -0.0243     0.1877    -4.5627   -26.8490     4.1096  1  2    19.7939    12.6523
      70        6       19     0.1187     0.2345     0.3467    -0.9436    -8.9273     1.8423  1  2    19.7417    12.7232
      71        6       19    -0.0086     0.0007     0.3036    -4.2475   -14.2295    -4.6215  1  2    19.4319    12.8602
      72        6       19     0.0485     0.1644    -0.0193     9.6013   -19.3914     1.7533  1  2    19.2936    12.9081
      73        6       19    -0.1804     0.0302     0.4083    22.7067   -20.9910     2.8768  1  2    19.0148    12.0027
      74        6       19     0.3083     0.0376    -0.1894     9.2619   -29.9947    -4.6796  1  2    19.3907    12.9307
      75        6       19     0.4221    -0.0013    -0.7728   -13.1661   -10.2124     4.7364  1  2    19.6088    12.0792
      76        6       19     0.2097     0.2157    -0.1465     0.3031   -29.3223     0.8297  1  2    19.4557    13.0331
      77        6       19     0.3319    -0.1467    -0.5725    -6.6889   -22.6066     1.1215  1  2    19.3779    12.5488
      78        6       19    -0.0106    -0.0315    -0.1198     6.9898   -18.7463   -10.0705  1  2    19.0208    12.5034
      79        6       19     0.4281     0.0827     0.2650    -5.6176   -20.4142    -3.8022  1  2    19.1432    13.0886
      80        6       19    -0.3189     0.1673     0.5537    10.0678   -30.3512    -1.9874  1  2    19.8330    12.9264
      81        6       19     0.1873    -0.0828     0.0939    -6.2694   -21.4386    -5.1786  1  2    20.1079    12.7831
      82        6       19     0.4496    -0.0718    -0.3080     7.8416   -17.2608    -0.0119  1  2    20.4830    12.2292
      83        6       19    -0.1986     0.0205     0.1339    14.4500   -15.9551     4.4419  1  2    19.0937    12.4373
      84        6       19     0.6291     0.0803     0.4709     4.8061   -12.2652   -11.9384  1  2    19.5088    13.1112
      85        6       19    -0.0394     0.0881     0.6895     7.8746    -1.7645    -4.4294  1  2    20.0680    12.6151
      86        6       19    -0.6454    -0.1095    -0.0499     1.7648   -22.6999     4.2486  1  2    18.2434    12.1245
      87        6       19    -0.0460    -0.0225     0.1040     1.1857    -9.2629    -1.2381  1  2    19.1757    12.3507
      88        6       19     0.0816     0.0009    -0.5322    -9.1138   -22.7201     0.4299  1  2    18.7274    12.3647
      89        6       19     0.0032    -0.1054    -0.1721    12.1312   -23.0672    -0.0566  1  2    18.8659    12.6954
      90        6       19     0.3313    -0.0987    -0.5524   -16.7216   -12.4615    -0.7382  1  2    18.8523    12.0146
      91        6       19     0.1329     0.0341     0.2970     5.1636    -8.3576     4.1353  1  2    19.8160    12.4289
      92        6       19    -0.0179     0.1136    -0.5684    14.4065    -8.3801     8.1027  1  2    19.0746    11.9498
      93        6       19    -0.1644    -0.0737    -0.1906     2.0078   -22.5698     6.3912  1  2    18.8722    12.4537
      94        6       19    -0.0483    -0.0509    -0.2851    11.8584   -26.0328    -2.3513  1  2    18.6594    12.4214
      95        6       19    -0.0066    -0.0929     0.2387    -0.0087   -26.0178     0.0604  1  2    19.0364    12.4078
      96        6       19     0.1405    -0.0696    -0.3726    -6.0682   -15.4842    -4.1157  1  2    19.5961    12.9791
      97        6       19    -0.3461     0.0805     0.0239     3.7304   -12.2590     8.3130  1  2    18.7765    12.3860
      98        6       19     0.1574     0.2402    -0.1976     5.3083   -31.8024    -1.6177  1  2    19.3185    12.8215
      99        6       19     0.2256     0.1015    -0.3701     5.1252   -27.3249     1.8461  1  2    20.3313    12.8175
     100        6       19     0.6928     0.3838    -0.6582     9.5538   -19.0844    -4.4075  1  2    19.7183    12.9376
     101        6       19     0.1617     0.0551     0.2618   -17.0950   -20.0314    -0.5095  1  2    20.4017    12.5083
     102        6       19    -0.1844     0.0871    -0.0552   -12.7579   -12.7739     0.8548  1  2    20.7732    12.7999
     103        6       19    -0.0199     0.1067     0.0577   -15.4556   -16.2895     1.7620  1  2    20.3974    12.1766
     104        6       19     0.0359    -0.0846     0.4394   -16.7422   -20.1682     8.0478  1  2    20.2581    12.1792
     105        6       19     0.2284    -0.0397     0.2653     2.4088    -2.4059    -2.5789  1  2    19.7178    12.2905
     106        6       19     0.1062     0.0706     0.3498     3.6332   -23.0738    -1.2329  1  2    20.6025    12.7706
     107        6       19     0.6008    -0.0004    -0.1338     4.4604   -14.9060    -2.5910  1  2    19.7522    12.5242
     108        6       19     0.0190     0.0599     0.0786     0.8153   -17.0050     3.0397  1  2    20.1949    12.4620
     109        6       19     0.1081    -0.0058     0.1848     8.6151    -9.2762    -7.3829  1  2    18.9975    12.5400
     110        6       19    -0.2711    -0.0612     0.2108    -1.6877   -21.7092     7.8945  1  2    19.1164    11.9720
     111        6       19    -0.1428    -0.0673    -0.3481   -11.5594    -7.6463    -4.9230  1  2    18.8315    12.8826
     112        6       19     0.0588     0.1691     0.2055    13.3136   -16.7339    -2.4713  1  2    20.1065    13.0434
     113        6       19     0.2287    -0.0479     0.0389   -11.9155   -17.7645     3.7521  1  2    19.4131    12.0943
     114        6       19     0.1245     0.2192     0.0784    -4.9317   -17.5318     3.6443  1  2    20.0660    12.5656
     115        6       19     0.1264     0.1016     0.0348    13.4147   -19.0193     3.3811  1  2    19.3397    12.2086
     116        6       19     0.5174     0.1152     0.1598    -0.5841   -21.9575    -2.0071  1  2    20.8703    13.2502
     117        6       19     0.0437    -0.0674    -0.7130    -3.9711    -7.1289     4.1135  1  2    20.3284    12.5574
     118        6       19    -0.1506    -0.0449     0.3228    14.8206   -20.5230     3.1675  1  2    19.1941    12.4412
     119        6       19     0.1689    -0.0599    -0.4212    -6.2366   -10.4757     0.6087  1  2    21.1919    12.6048
     120        6       19    -0.1007     0.0302    -0.2168    -3.1602   -22.3843     3.1868  1  2    18.8889    12.6661
     121        6       19     0.2895     0.1759     0.0102    13.3352   -22.7715   -10.0893  1  2    19.1836    13.0615
     122        6       19    -0.2710     0.1581     0.2690     1.3626   -15.8638    10.5070  1  2    18.9577    11.9995
     123        6       19     0.5154     0.1714    -0.2050   -12.0189   -23.5833    -3.0308  1  2    19.8719    12.9476
     124        6       19     0.1273     0.2908     0.2150    -0.9488     7.1709    -0.1503  1  2    20.2815    12.3454
     125        6       19     0.3748     0.0264    -0.3396    -0.9184   -17.6776    -5.7211  1  2    19.0659    12.4285
     126        6       19     0.3750     0.0368     0.1042     6.8328   -24.9235   -12.6454  1  2    19.7002    12.8231
     127        6       19     0.1223    -0.0020     0.5386     3.8357    -9.1332     4.5751  1  2    18.8989    12.1176
     128        6       19    -0.0077    -0.0853     0.6966    11.2858    -6.7883     4.3454  1  2    20.0076    12.1767
     129        6       19     0.7492     0.0686    -0.6233     2.6947   -25.9338    -1.3885  1  2    19.1173    12.5724
     130        6       19     0.1838     0.2161    -0.0840    -1.6142   -22.2813     9.1732  1  2    20.6110    12.5465
     131        6       19     0.4013    -0.0273     0.1608     5.0566   -20.1372    -5.6931  1  2    20.6667    13.0221
     132        6       19     0.1762    -0.0166     0.2734     2.8880   -16.3758     3.9404  1  2    19.3719    12.4561
     133        6       19    -0.4376    -0.1853    -0.6432   -10.9543    -6.2165    -1.4538  1  2    20.8459    12.6462
     134        6       19     0.3271    -0.0967     0.2239     1.8884   -16.2987    -2.4768  1  2    19.4788    12.9746
     135        6       19    -0.3964     0.1616     0.3323     0.7152    -6.6171    13.0498  1  2    19.4037    11.5068
     136        6       19    -0.3260     0.0704     0.0867     8.7907   -17.1450    -0.6784  1  2    19.8710    12.4585
     137        6       19     0.0968     0.0418    -0.0927   -16.2834   -22.5505     1.0724  1  2    18.5940    12.4064
     138        6       19     0.1528    -0.0492    -0.0259    -8.5510   -20.8234     3.2709  1  2    19.0656    12.1483
     139        6       19     0.6053    -0.0890    -1.1211   -17.2720   -15.6732    -4.5607  1  2    18.5179    12.9680
     140        6       19     0.6241     0.4163    -0.3044    -6.7520   -26.4428     5.5958  1  2    19.3080    12.7443
     141        6       19    -0.2557     0.0972    -0.3314    -0.2197   -26.7044    -4.2546  1  2    18.9110    12.7901
     142        6       19    -0.1319     0.3802     0.1232     7.6089   -14.9446    13.2925  1  1    19.0749    12.0649
     143        6       19     0.3472    -0.0190    -0.1215    13.6391   -14.6091     0.7694  1  2    19.9474    12.6086
     144        6       19     0.2633     0.0921    -0.1248     5.1637   -18.9582     3.3557  1  2    18.9738    12.4389
     145        6       19     0.0786    -0.0871    -0.7083    -5.4251   -20.7968    -3.9392  1  2    19.9707    12.6974
     146        6       19     0.0334     0.1940     0.2942    14.2526     4.1684     2.9756  1  2    18.6516    11.6819
     147        6       19     0.1274     0.2661     0.4524    16.4046   -14.2915    -8.0054  1  2    19.5957    12.5477
     148        6       19     0.1691     0.1419    -0.0225   -16.9570   -27.0912    -0.7146  1  2    20.4672    12.7150
     149        6       19     0.1513    -0.0756    -0.4222   -10.1973   -25.1854    -4.6252  1  2    19.8631    12.4701
     150        6       19    -0.0184     0.0706     0.5163    11.8989   -10.3829    -2.1280  1  2    20.5657    12.6489
     151        6       19     0.5294     0.0298    -0.9156   -12.9174   -21.9646    -6.4817  1  2    20.7639    12.8723
     152        6       19     0.6146    -0.0838     0.4016    -4.7905   -19.7538    -3.1458  1  2    20.6247    12.5548
     153        6       19     0.0323     0.0213    -0.4674   -13.1484   -23.1103     6.3552  1  2    19.6580    12.4511
     154        6       19     0.5471     0.0361     0.4695     0.5475   -14.0546    -3.8519  1  2    20.2428    12.4158
     155        6       19     0.4534     0.2482    -0.1490   -19.8192   -13.2282    -6.7645  1  2    20.0127    13.1156
     156        6       19    -0.3278     0.1126     0.4383    -8.1155   -24.2297     5.5883  1  2    19.3150    12.1500
     157        6       19     0.4076    -0.0612    -0.3301     0.3195   -20.6374    -3.0259  1  2    17.9183    12.1105
     158        6       19     0.2969     0.1237    -0.3547     2.0465   -23.7358     8.4200  1  2    20.0650    12.9177
     159        6       19     0.3348    -0.0082     0.5648    -3.3766   -23.6183   -11.2582  1  2    19.2830    12.7079
     160        6       19     0.6357     0.0812     0.8013    -1.0088   -24.8816    -2.5589  1  2    19.1502    12.7136
     161        6       19     0.1430     0.0997    -0.3501    -5.2425   -18.8070     0.9384  1  2    19.2670    12.6169
     162        6       19     0.6297     0.0654    -0.3812   -15.2421   -19.0467    -1.6086  1  2    20.8537    13.1425
     163        6       19     0.1289     0.0842    -0.0371    -2.1025   -17.0570     0.2843  1  2    20.2483    12.4088
     164        6       19     0.4943    -0.0895     0.4610     7.3202    -8.1679     1.0762  1  2    18.8809    11.8289
     165        6       19    -0.0051     0.0441    -0.3097    -5.2356   -30.4833    -2.3764  1  2    19.2221    12.4846
     166        6       19    -0.0892     0.0469     0.4351    20.3882   -14.9790     7.7743  1  2    19.6127    11.6614
     167        6       19     0.0202     0.0965    -0.1749    -1.8245   -22.0268    -4.5251  1  2    20.2189    12.8392
     168        6       19    -0.2715     0.1807     0.4530     2.7667   -22.2638     3.5717  1  2    19.8762    12.4236
     169        6       19    -0.1759    -0.1675     0.6026     6.5413   -24.7002     2.2040  1  2    20.3659    12.3957
     170        6       19    -0.0970     0.1666    -0.3747     6.8888   -13.7927     4.3503  1  2    18.9684    12.0497
     171        6       19     0.3305     0.0822    -0.4643   -10.7603   -18.5209    -0.8252  1  2    20.6876    13.0578
     172        6       19     0.0757     0.0648    -0.1270   -22.2454   -13.7864     1.5346  1  2    20.4180    12.3035
     173        6       19     0.0490     0.2822     0.3326   -10.8448   -24.4473     4.9201  1  2    20.8366    12.7935
     174        6       19     0.4922    -0.0310     0.0877    -9.8530   -28.9542    -3.9948  1  2    19.2585    12.3164
     175        6       19     0.3093     0.0262    -0.2429    -6.7729   -22.1574     8.1726  1  2    18.4012    12.1777
     176        6       19     0.5328     0.2612    -0.2557    -2.8642   -19.0539    -3.7272  1  2    18.1113    12.9248
     177        6       19     0.4915    -0.0520     0.1769     6.1557   -21.4805     5.5145  1  2    18.9083    11.7632
     178        6       19    -0.1875     0.0112    -0.1524    11.8829   -10.7930     7.8188  1  2    18.0079    11.8119
     179        6       19     0.3619    -0.0630    -0.2530    -7.0667   -27.5651    -3.1391  1  2    19.6888    12.7133
     180        6       19     0.2005    -0.0061    -0.8846   -13.3589    -4.3859    -6.6687  1  2    20.8467    12.8893
     181        6       19    -0.1920    -0.2212     0.3920     2.3966   -19.5681    -0.4434  1  2    19.8863    12.4148
     182        6       19     0.0133    -0.0306     0.2637    10.2928    -8.5033     2.6071  1  2    19.6752    12.3339
     183        6       19     0.1923    -0.0605    -0.1744    11.4655   -20.7887     0.2586  1  2    19.7333    12.6769
     184        6       19    -0.1376     0.2001     0.1966    -2.0476   -35.1830     7.9715  1  1    19.9977    12.2594
     185        6       19    -0.3371     0.0266     0.0841    -2.4455   -23.1566    -1.2297  1  2    19.6312    12.3120
     186        6       19     0.0414    -0.0662     0.4540    -3.0200    -7.6065    -1.6178  1  2    21.2434    12.8816
     187        6       19    -0.1739    -0.0596     0.4487     4.1906    -8.7490    -0.3633  1  2    20.9996    12.5761
     188        6       19     0.2445     0.0579     0.9240    12.7182   -24.1430    -6.6538  1  2    20.7227    12.4470
     189        6       19     0.3532     0.0290     0.0258     3.8096   -28.9279    -4.9380  1  2    19.1203    12.9271
     190        6       19    -0.0739    -0.0287    -0.6364     0.2950   -13.7086     5.8561  1  2    18.4195    11.8071
     191        6       19    -0.1421    -0.0861    -1.0427    10.2710   -28.1160    -1.2354  1  2    18.3728    12.7239
     192        6       19    -0.0370    -0.0493     0.3299     6.5628   -12.7434     4.8334  1  2    18.5868    12.0992
     193        6       19    -0.1534     0.0165     0.2519     0.1624   -21.7793    -0.3705  1  2    19.5626    12.4152
     194        6       19    -0.1581    -0.0406     0.1837    -9.2634    -7.3427    -3.9715  1  2    19.4151    12.5646
     195        6       19     0.0833     0.0828    -0.1413    -6.6543    -6.1387     7.1839  1  2    19.3787    11.9286
     196        6       19     0.2312     0.1154     0.3368    -2.8166   -20.5330     8.0747  1  2    20.3685    12.4231
     197        6       19    -0.1755    -0.0911    -0.0638    17.1969   -14.2132     0.8463  1  2    19.8360    12.3975
     198        6       19    -0.0662     0.1606     0.5142    -4.7202   -26.4440    10.2373  1  2    21.1627    12.6229
     199        6       19    -0.1374    -0.1328     0.2058     0.2664   -15.2564     0.7530  1  2    19.3249    12.2190
     200        6       19     0.4930     0.0284    -0.0669     3.3923   -20.7925     3.7280  1  2    18.9212    12.2208
     201        6       19     0.0725     0.0376     0.0980    10.9830   -23.1968    -5.7829  1  2    19.2764    12.7583
     202        6       19    -0.1568    -0.0362     0.2389    -0.9837   -16.9434     8.0009  1  2    19.9572    11.9195
     203        6       19     0.0762    -0.0325     0.9784    20.0368   -23.0062    -1.8856  1  2    20.6355    12.7346
     204        6       19     0.2064     0.0989    -0.3759     5.5291   -11.7913     8.1605  1  2    19.0891    11.6838
     205        6       19     0.3298    -0.0567    -0.0216     2.5605   -10.0403    -2.1651  1  2    19.6370    12.2760
     206        6       19     0.6654    -0.1180     0.2871     3.1624   -23.0364     3.6134  1  2    20.2583    12.3224
     207        6       19     0.2994    -0.1158    -0.5875    -7.8117   -19.5364    -1.2092  1  2    19.1356    12.5930
     208        6       19     0.1560     0.0118     0.4941     2.3300   -19.2224     0.3766  1  2    20.0790    12.4977
     209        6       19     0.5486     0.2531     0.0307    11.8120   -18.5761    -9.7787  1  2    19.3913    13.2598
     210        6       19    -0.0858    -0.0652     0.5884    10.3822   -15.4266    -3.4083  1  2    20.1776    12.7374
     211        6       19     0.5102     0.2035     0.4462     7.3126   -15.3669    -6.1894  1  2    20.8858    12.9070
     212        6       19    -0.0590    -0.0753    -0.5436     3.5736   -14.2406     2.6869  1  2    19.3706    12.0135
     213        6       19     0.3798    -0.1405     1.0817     9.8812   -16.5019     5.5425  1  2    20.0678    12.0558
     214        6       19     0.1340    -0.1349     0.5823     5.8924     0.8319    -1.1262  1  2    20.7488    12.4354
     215        6       19    -0.0626    -0.0297    -0.0451    -2.3211   -10.5718     1.6035  1  2    19.7282    12.1234
     216        6       19     0.0883    -0.1056     0.1612    -5.6016   -16.9133     2.7268  1  2    19.9232    12.1784
     217        6       19     0.1477     0.0119    -0.0134    -2.7982   -26.0591    -6.1410  1  2    19.3195    12.7387
     218        6       19     0.1527     0.0355     0.2235    -6.9507   -14.2862     0.4884  1  2    19.4881    12.2905
     219        6       19     0.3567     0.0075     0.2131    -2.6412   -20.1883    -2.5102  1  2    19.6690    12.6004
     220        6       19     0.1213    -0.0725    -0.3611    -8.8098   -14.8466     5.3958  1  2    19.5809    12.0354
     221        6       19    -0.1481     0.1433     0.5339    -9.6056   -29.9027    -1.3480  1  2    19.3965    12.6045
     222        6       19     0.4167    -0.1005    -0.2240     1.1339   -11.8231     2.0495  1  2    19.0667    12.3098
     223        6       19    -0.1724    -0.0929     0.3441   -14.3679   -12.6613    -1.9525  1  2    19.8998    12.4753
     224        6       19     0.1144     0.1496    -0.0629    -1.1523   -16.0640   -10.1706  1  2    20.8677    13.1153
     225        6       19     0.4840    -0.0796    -0.1456     1.0135   -16.3295    -4.8571  1  2    20.4144    12.9584
     226        6       19    -0.3469    -0.0069     1.0643    21.6880   -28.5380     1.9633  1  2    18.9734    12.2197
     227        6       19     0.2874     0.0622    -0.6550    -8.7502   -22.4988     5.3761  1  2    18.6322    12.2243
     228        6       19     0.2645    -0.0075    -0.0393     1.5043   -14.7933     0.0832  1  2    19.4940    12.2045
     229        6       19     0.1867     0.0125     0.4036     7.4902    -9.7665    -7.0168  1  2    18.9833    12.7741
     230        6       19     0.0793     0.1767    -0.7108   -18.0510    -5.8083     4.5739  1  2    19.3933    12.2341
     231        6       19     0.1890     0.0297    -0.0294   -10.0387   -22.1635     7.0704  1  2    19.2782    12.3793
     232        6       19     0.4551     0.0189     0.5247     5.5892   -23.4637    -6.3728  1  2    20.4798    12.8019
     233        6       19    -0.0196     0.0515    -0.0315    16.4828   -34.4140    -3.6872  1  2    20.1205    12.7973
     234        6       19     0.4261     0.1150    -0.2233     0.2078   -22.4784    -0.8922  1  2    19.1036    12.4075
     235        6       19     0.3005     0.1333    -0.1524    -1.9630   -27.7606     1.7347  1  2    19.1961    12.5855
     236        6       19    -0.1079     0.0661     0.0655     1.2598   -10.7813     6.2930  1  2    20.1675    11.9023
     237        6       19    -0.2177     0.0353     0.1582     9.1258   -21.1867     9.9814  1  2    18.3351    12.0464
     238        6       19    -0.1301     0.1606     0.1825    11.6857   -20.1185     3.7118  1  2    19.0903    12.1474
     239        6       19     0.3431    -0.0211    -0.0971     9.2194   -14.7240    -0.7961  1  2    18.8954    11.9591
     240        6       19     0.3210     0.4432     0.1795    18.5901     0.4734    -8.8740  1  2    20.2060    12.8372
     241        6       19    -0.2436     0.0740     0.3913    12.0719    -8.9625    12.5526  1  2    19.3457    12.2341
     242        6       19    -0.1808     0.1027    -0.1985    14.9540   -19.4715    -8.0228  1  2    19.0406    12.7810
     243        6       19     0.3084    -0.1089     0.2444     1.8293   -12.9904    -6.1478  1  2    20.4268    12.7080
     244        6       19     0.2484     0.0549    -0.7068    -3.0544   -28.1988     4.7905  1  2    20.4947    12.5246
     245        6       19     0.6368     0.1911    -1.0463    -6.1342   -21.4090    -6.8976  1  2    19.5657    13.0810
     246        6       19     0.2484     0.2999    -0.2888   -17.5044   -20.5875    -4.0493  1  2    19.5678    13.0173
     247        6       19    -0.0542     0.0743    -0.0537     3.9368   -24.8805    -5.7170  1  2    20.4347    12.7493
     248        6       19    -0.0898     0.0010    -0.2297   -10.6761   -16.6565    -2.1010  1  2    19.5842    12.9428
     249        6       19     0.2956     0.2222    -0.3271   -23.4510   -19.4798     8.0878  1  2    19.4240    12.1667
     250        6       19     0.0581     0.0442    -0.2303   -22.2435   -12.7725     1.3212  1  2    19.4800    12.7510
     251        6       19     0.5033     0.0561     0.7379     3.4529   -13.0703    -3.2930  1  2    20.6305    12.5625
     252        6       19    -0.3096    -0.2411     0.0540    -4.0638    -4.2068     0.9914  1  2    19.4702    12.4142
     253        6       19    -0.1295     0.0300    -0.6942   -12.2236   -24.1592     2.4493  1  2    18.3150    12.5060
     254        6       19     0.0542     0.1557    -0.3554     7.1164   -25.5040    -7.3282  1  2    19.2989    13.2696
     255        6       19    -0.0594     0.1389     0.4251     4.0968   -11.5905   -10.6653  1  2    20.4762    12.6119
     256        6       19    -0.0002    -0.1145     0.1434     6.5070   -22.2304    -4.3996  1  2    18.8343    12.9852
     257        6       19     0.4635    -0.0674     0.2633    -9.0840   -11.3061     3.0640  1  2    20.1421    12.3306
     258        6       19    -0.0717     0.0135    -0.4620     5.3373    -8.6455     4.2855  1  2    20.4622    12.2550
     259        6       19     0.4254     0.2043     0.0649    -5.4048   -11.6974    -0.8035  1  2    19.9726    12.3161
     260        6       19     0.5970     0.1210    -0.4850    -5.2872   -20.8688     8.4743  1  2    18.9292    11.8626
     261        6       19     0.2745     0.0204    -0.3407    -0.9843   -22.6227    -3.3321  1  2    18.9721    12.4063
     262        6       19     0.3068     0.1642    -0.5655    -0.0429   -29.4951     0.8488  1  2    19.1244    12.7106
     263        6       19    -0.1331    -0.1146     0.0649    -0.6554    -9.0417    -1.0099  1  2    19.3606    12.3035
     264        6       19     0.1141    -0.0971    -0.0892    -0.5013   -11.0679    -3.4018  1  2    20.9743    12.5063
     265        6       19     0.3023     0.0977    -0.6446    -5.2938   -20.4431     0.1384  1  2    19.6544    12.4194
     266        6       19     0.2048     0.1359    -0.6080    -6.0026   -25.8941    -9.8186  1  2    20.4881    13.4215
     267        6       19     0.0995    -0.0806    -0.4133   -12.7448   -25.7804     0.5528  1  2    18.5113    12.6413
     268        6       19    -0.0170     0.1582    -0.3192    -0.7622   -15.4340     4.5032  1  2    19.4145    12.1303
     269        6       19     0.2396    -0.0313    -0.1162     1.4268   -19.5791     0.2428  1  2    19.7781    12.4078
     270        6       19     0.4453    -0.0212     0.4437     2.3292   -12.3422    -4.0317  1  2    21.1871    13.0430
     271        6       19    -0.2519    -0.2026     0.0383   -11.7641   -20.5891    -1.0797  1  2    20.5666    12.6024
     272        6       19    -0.3840    -0.1608     0.5184     6.4123   -18.3601    -6.2212  1  2    20.0810    12.6710
     273        6       19     0.0653     0.2531    -0.5586    -7.0687   -13.2323    -0.8302  1  2    20.4571    12.9086
     274        6       19     0.2714     0.2557    -0.5648   -10.7803   -15.9775    -5.3882  1  2    20.9978    13.1484
     275        6       19     0.4510    -0.1028     0.2918   -11.1243   -11.8447     1.1253  1  2    19.4679    12.0475
     276        6       19     0.0388     0.0994     0.1047    -5.9566   -30.2180    12.7368  1  2    18.6311    12.0965
     277        6       19    -0.1045     0.2107     0.3059     5.7024   -15.3032     5.8611  1  2    20.4035    11.9928
     278        6       19     0.0747    -0.2170     0.0786     6.1695   -30.8173    -3.7953  1  2    19.2364    12.7316
     279        6       19     0.0030     0.1620    -0.2101    20.3729   -18.3999    -3.3214  1  2    19.5020    12.6320
     280        6       19     0.6843     0.0580     0.3121    23.1160   -14.0099    -4.1546  1  2    19.8577    12.2894
     281        6       19     0.3536     0.0963     0.0636   -15.0895   -20.7453    -7.9001  1  2    20.8253    12.7432
     282        6       19     0.4466     0.1397    -0.1127    -1.1168   -17.5205    -3.4692  1  2    20.4271    12.6511
     283        6       19    -0.2165     0.2171    -0.0396    15.8274   -45.0807     6.1935  1  2    18.8538    12.4869
     284        6       19     0.3002    -0.0078     0.1780     3.0930   -17.2326    -2.3014  1  2    20.8789    12.6018
     285        6       19     0.2034     0.2387     0.3158    -0.4508   -16.9194     3.4098  1  2    20.5334    12.3949
     286        6       19     0.0498     0.0040     0.4690    13.4633   -23.6035   -14.0002  1  2    19.1057    12.9135
     287        6       19     0.1144    -0.1582    -0.2280    -3.3055    -9.9017     0.7083  1  2    18.8174    12.3758
     288        6       19    -0.1730     0.0355     0.0259     1.1946   -21.4036     1.6544  1  2    19.5892    12.2978
     289        6       19     0.2545     0.1582     0.3014    -6.8677   -32.9924     1.8776  1  2    18.9451    12.9973
     290        6       19     0.0768    -0.0029     0.2241    11.4957   -29.1641    -2.1709  1  2    19.1936    12.6582
     291        6       19     0.2847     0.0552     0.0171     4.4982    -6.6968     7.5994  1  2    19.9510    11.9705
     292        6       19    -0.3279    -0.1857    -0.9617     0.4271   -19.6177     7.2396  1  2    19.4980    12.4817
     293        6       19     0.1455     0.0216    -0.3433    -1.0943   -20.6093    -2.3694  1  2    19.5824    12.7406
     294        6       19     0.5050     0.0254    -0.2799    -5.3150   -27.9848    -0.4266  1  2    19.1008    13.0496
     295        6       19     0.7111    -0.0409    -0.0966     9.6260   -29.3833     2.3522  1  2    19.3558    12.1720
     296        6       19     0.2498    -0.0193    -0.0255    -1.3869   -22.6084    -0.7901  1  2    17.9858    12.0551
     297        6       19    -0.1253     0.0498    -0.6689    -5.2525   -28.9556   -13.7178  1  2    21.4407    13.3631
     298        6       19    -0.1766     0.0786     0.0701     2.5716   -35.2792     4.2914  1  2    20.1671    12.7960
     299        6       19    -0.1220     0.0801     0.9346    11.8712   -23.4084    10.4841  1  1    19.5932    12.3718
     300        6       19     0.0343     0.0671    -1.0210     4.9759   -24.0259    -2.0357  1  2    20.2996    13.0181
     301        6       19     0.7839     0.2287    -0.0060    -2.7492   -15.0783    -2.6560  1  2    19.8777    12.5096
     302        6       19    -0.1944    -0.0127    -0.1232    -1.7355   -25.6189     5.0441  1  2    18.8964    12.3700
     303        6       19     0.5448     0.0159    -0.2509     1.8688   -21.7516     0.8141  1  2    19.0539    12.3738
     304        6       19     0.1078     0.0254    -0.0991     7.8960   -21.0117     0.2145  1  2    19.1863    12.2885
     305        6       19    -0.1800    -0.1953     0.0825     1.3287   -31.2922    -3.7111  1  2    18.9516    12.6383
     306        6       19     0.0047    -0.0157     0.2885     4.8383   -28.5262    -6.6106  1  2    19.0287    12.6966
     307        6       19    -0.0215    -0.0796     0.1796     7.9166   -17.0941     0.0809  1  2    18.6091    11.8580
     308        6       19     0.1881    -0.0559    -0.5592    -1.9731   -20.1004     0.8071  1  2    18.7071    12.7469
     309        6       19     0.4663     0.0420    -0.0422     6.8859   -16.8805     7.7073  1  2    19.3664    11.8436
     310        6       19     0.2467     0.0494    -0.1122    16.5820   -35.8903    -3.2770  1  2    19.0347    12.9501
     311        6       19     0.0527     0.0689     0.7010     8.7009   -28.8750     6.4093  1  2    19.4390    12.4789
     312        6       19     0.1288     0.1094    -0.3221     4.4411   -17.5911     8.0164  1  2    19.7250    12.5363
     313        6       19     0.4136     0.0960    -0.2579    -2.5471   -17.5734     4.8598  1  2    20.4010    12.7105
     314        6       19    -0.0393    -0.2343    -0.5749     2.5936   -30.3179     4.1638  1  2    18.3589    12.3087
     315        6       19     0.2016    -0.0062     0.1541    18.8931   -18.9872    -6.8302  1  2    18.6498    12.1606
     316        6       19     0.3638     0.0271     0.3312   -17.4216   -15.8679    -5.3600  1  2    21.0507    12.4876
     317        6       19    -0.2040    -0.0461     0.2437     4.6503   -16.4190     4.5333  1  2    21.0378    12.7920
     318        6       19     0.6214     0.0493    -0.0319   -16.7032   -19.5191    -1.2058  1  2    19.2515    12.2674
     319        6       19     0.2043     0.2259    -0.3329   -11.3272   -12.5205    -4.0195  1  2    19.7926    12.6905
     320        6       19     0.1188     0.1639     0.2839    -1.0189   -14.1740     7.0262  1  2    18.8324    11.8510
     321        6       19     0.3791    -0.0216    -0.3788    -2.6505   -23.8688     6.2389  1  2    18.8701    12.4538
     322        6       19     0.0809     0.0565     0.3664     3.4752   -32.2855     0.6583  1  2    19.0931    12.8512
     323        6       19     0.4483     0.0547    -0.0666   -14.9688   -31.3098    -6.2666  1  2    19.7540    13.0664
     324        6       19    -0.1787    -0.1148     0.2122    10.2146   -20.4306     5.6464  1  2    19.4008    12.4406
     325        6       19     1.0432     0.3867    -0.1876    -0.3390   -14.9952   -12.2996  1  2    20.3754    13.4126
     326        6       19    -0.0348     0.0097    -0.3098    -2.1728   -27.4749    -4.5530  1  2    19.5322    12.8225
     327        6       19     0.2219     0.0835     0.1326    26.0997    -7.6923    -0.4399  1  2    18.3456    11.4650
     328        6       19     0.0771     0.0073    -0.2933    10.5052   -22.8230    -7.7764  1  2    19.0789    12.9737
     329        6       19    -0.0469     0.0031     0.2909     0.0569   -29.0093    -5.2134  1  2    19.9902    13.2296
     330        6       19     0.5149     0.0664    -0.6602    -7.0299   -27.4343    -5.1814  1  2    19.3084    12.7517
     331        6       19     0.2415     0.1194    -0.1784    -3.4078   -20.9479    -3.3847  1  2    18.6101    12.5126
     332        6       19     0.1358     0.1067    -0.1903    19.1495   -11.6262    -1.9567  1  2    18.4982    12.3110
     333        6       19    -0.0538     0.1953    -0.4924     5.4545   -15.0283    -7.8243  1  2    20.5215    13.0542
     334        6       19     0.4499    -0.0603     0.1447     6.4337    -5.5189     1.1150  1  2    18.4445    11.9266
     335        6       19    -0.0678     0.0109     0.2506     2.2097   -21.6936    10.4474  1  2    19.4768    11.9285
     336        6       19     0.1613    -0.0187    -0.0227    22.7879   -14.1005     3.4315  1  2    18.9946    11.8299
     337        6       19     0.2674     0.0855    -0.2041    -0.3035   -19.4049    -9.1981  1  2    20.3142    12.9126
     338        6       19     0.2248    -0.3130     0.8679     7.9846   -15.4788    -3.4064  1  2    19.6699    12.4821
     339        6       19     0.3626    -0.0449    -0.6622    -5.6162   -15.2723     9.5771  1  2    18.9625    11.7758
     340        6       19     0.4227    -0.1946     1.0512     9.8094   -26.8288   -14.3733  1  2    21.0896    12.9434
     341        6       19     0.3816    -0.0233     0.4070     0.1261   -23.4259     3.9640  1  2    19.4989    11.7172
     342        6       19     0.2353    -0.0393     0.8344    -3.4719   -17.0670    -8.2561  1  2    21.5847    13.3029
     343        6       19    -0.3113    -0.1189     0.2033     3.6465   -23.3357    -0.6373  1  2    19.6182    12.1288
     344        6       19    -0.2978    -0.0926    -0.0584   -11.9139   -18.0684     8.4304  1  2    19.9709    12.1533
     345        6       19     0.4660     0.0365     0.1884    -1.9678   -19.5184     5.7098  1  2    19.4483    12.4754
     346        6       19    -0.0198     0.0822    -0.0723    -2.4230   -19.6927     1.7353  1  2    19.1504    12.0274
     347        6       19     0.3851     0.1990     0.0832    14.5127   -29.1184    -8.9488  1  2    19.7749    13.0809
     348        6       19    -0.2814    -0.0656     0.4178    18.2539   -16.0561     4.4557  1  2    20.6323    12.6759
     349        6       19     0.1636     0.0646    -0.4907   -18.5229    -9.1406     2.8738  1  2    18.6894    11.8917
     350        6       19     0.4527    -0.0855    -0.2698    10.4927   -17.6226     2.1859  1  2    18.4847    11.9998
     351        6       19    -0.0643    -0.0103     0.2086   -16.2289   -19.9946     4.2766  1  2    19.9723    12.3599
     352        6       19     0.0917     0.0004     0.7534    15.5710   -14.5473    -3.1770  1  2    19.8606    12.7315
     353        6       19     0.0882    -0.0350     0.7959     9.0337   -11.4050     6.4782  1  2    19.2329    11.8665
     354        6       19     0.1647     0.1944     0.4231     8.4186   -14.4075    -5.3412  1  2    20.4033    12.7696
     355        6       19     0.2766     0.1499    -0.6657   -10.4597   -23.1734     0.3644  1  2    19.1396    12.6239
     356        6       19     0.4450     0.0863    -0.6069     1.5503   -25.3172   -10.4939  1  2    20.2092    12.7969
     357        6       19    -0.0998    -0.0544    -0.1330    -4.7373    -9.6041     0.1582  1  2    19.5733    12.8591
     358        6       19     0.3816    -0.1128     0.3005    -1.3452   -14.4432    -0.2747  1  2    19.5883    12.3213
     359        6       19    -0.0333    -0.0925    -0.5673    -9.1756   -20.4352     3.6785  1  2    19.1645    12.5652
     360        6       19     0.6935     0.3236    -0.8314   -16.1158   -25.9532    -8.1749  1  2    19.2240    13.2100
     361        6       19     0.1139     0.0283    -0.4202     4.5551   -27.9673    -0.7425  1  2    19.4357    12.5010
     362        6       19     0.5821    -0.0058    -0.4385   -12.2661   -16.2481     5.4628  1  2    18.9663    11.9468
     363        6       19     1.0626     0.1067     0.0846     1.0642   -21.7040    -9.3186  1  2    18.8552    12.8733
     364        6       19     0.5164     0.0431     0.2783    -4.0686   -14.8643   -10.0144  1  2    20.2172    12.6465
     365        6       19    -0.1783    -0.0410    -0.7774    -8.0639   -25.3138     1.3252  1  2    19.6436    12.3818
     366        6       19    -0.0473    -0.1719    -0.2585    -1.1293   -29.4523    10.1866  1  2    20.5502    12.1755
     367        6       19     0.0157    -0.2038    -0.7207    -2.2316   -17.2423     0.7008  1  2    19.9676    12.2858
     368        6       19     0.0760    -0.0893     0.1364     8.5547   -21.8611     6.0621  1  2    19.3244    11.7825
     369        6       19    -0.0890     0.3424     0.3006     3.1185   -15.8137     5.4313  1  2    20.8398    12.5587
     370        6       19     0.3261     0.1039     0.4331    -0.5561   -16.2850     4.6058  1  2    19.7221    12.3680
     371        6       19    -0.0553     0.1131    -0.4820    -4.2782   -27.8609    -4.7218  1  2    20.2974    13.1565
     372        6       19    -0.2783    -0.0397    -0.1816     6.4080   -16.0599     5.4127  1  2    19.5603    12.1920
     373        6       19     0.2941     0.1794     0.1716     5.9243   -22.1773   -12.3669  1  2    19.4302    13.1684
     374        6       19     0.1503     0.1136     0.0735    -6.6043   -16.3279     0.5260  1  2    20.2055    13.1156
     375        6       19     0.4249     0.0608    -0.0726    13.5282    -9.2979     7.5055  1  2    21.0181    12.3269
     376        6       19     0.1207     0.0468    -0.1261    -5.1975   -18.0314     8.0300  1  2    19.2531    11.8276
     377        6       19    -0.0430    -0.0730     0.1942    -2.8305    -7.1124     6.3614  1  2    21.0508    12.8307
     378        6       19    -0.0455    -0.0102     0.3558    19.2732    -5.0600     2.9636  1  2    18.9065    12.2475
     379        6       19    -0.1342     0.2626     0.1472    -6.4506     2.5871    -9.4694  1  2    21.5404    13.6369
     380        6       19    -0.0052     0.1803    -0.1803    -3.7210   -21.3810     2.8377  1  2    19.5572    12.3215
     381        6       19    -0.2098    -0.1129    -0.0177   -13.9955   -18.5271     5.0188  1  2    19.6767    12.1413
     382        6       19    -0.0023     0.0386     0.2237     8.6149   -11.7324     6.9973  1  2    19.5279    12.3598
     383        6       19    -0.1004    -0.0655    -1.0393     0.8608   -13.9139     2.4670  1  2    20.5986    12.4813
     384        6       19     0.0453     0.0394     0.6952    -1.8078   -25.7803     9.4123  1  2    19.1048    12.1997
     385        6       19     0.3870     0.1808    -0.2407    -5.9894   -21.2734    -1.6549  1  2    18.8976    12.6313
     386        6       19     0.1460     0.0173     0.1261    -5.8571     4.4392     1.0506  1  2    18.4809    11.6992
     387        6       19     0.5555     0.0497    -0.3382     2.9253   -17.1103    -4.8693  1  2    19.5593    12.7208
     388        6       19     0.2950     0.0386    -0.2156     1.7480   -24.3809    -7.5091  1  2    19.2862    12.9923
     389        6       19     0.0668     0.1232    -0.0517    12.2238   -10.7793     9.0130  1  2    18.9193    11.5768
     390        6       19     0.1085     0.1579     0.2931    15.5379    -9.6235     2.8239  1  2    18.9377    11.9957
     391        6       19     0.3618     0.0103    -0.5617    -8.3698   -24.9701     0.0933  1  2    19.3529    12.7291
     392        6       19     0.2969    -0.0053     0.2498    -9.5344   -20.9535    -1.1827  1  2    18.7867    12.0025
     393        6       19     0.6276     0.0363     0.4533     0.2233   -12.0010    -2.3613  1  2    19.9112    12.6417
     394        6       19    -0.0598     0.0072     0.0355     0.8493   -18.4093    -1.5040  1  2    20.3495    12.2419
     395        6       19     0.1499     0.1599    -0.7545    -4.0320   -11.5049     0.0891  1  2    18.2814    12.1947
     396        6       19     0.1341     0.2666     0.4774     6.6311   -17.5463    -7.1229  1  2    19.1269    12.5322
     397        6       19    -0.1284    -0.0632     0.8622    20.8401   -21.6514     6.1452  1  2    18.4897    11.9936
     398        6       19    -0.0070     0.1205    -0.7607   -14.0210   -15.5835     4.8132  1  2    19.0563    12.4622
     399        6       19     0.0888    -0.0210    -0.6953   -13.9838   -36.3392     3.5118  1  2    19.5182    12.3752
     400        6       19     0.0122    -0.0979    -0.1883     1.2881   -19.7715     2.5101  1  2    18.4000    12.1233
     401        6       19     0.1070     0.1206    -0.1797    -3.1100   -12.2937     1.9819  1  2    20.0093    12.6886
     402        6       19     0.4286    -0.0161     0.2958     5.1313   -22.1239    -3.6424  1  2    19.3791    12.9328
     403        6       19    -0.1992    -0.0925    -0.1528     6.6590   -21.3415    -0.9980  1  2    19.4795    12.1643
     404        6       19     0.0920     0.0393     0.1673     9.3403   -11.8559     0.3934  1  2    19.9885    12.8993
     405        6       19    -0.0671    -0.1814     0.5311     6.6318   -28.3650    -8.0475  1  2    20.9909    12.9220
     406        6       19    -0.1336    -0.0401    -0.7701   -14.6959   -13.9202    -3.3873  1  2    18.8307    12.9117
     407        6       19     0.4137     0.0488     0.0555    -6.1419   -19.8855     2.9050  1  2    20.1950    12.4373
     408        6       19    -0.3268    -0.0151    -0.0317     2.3185   -11.0580     5.2794  1  2    20.4338    12.3330
     409        6       19     0.0668     0.0925    -0.1966   -10.7922   -14.5825    -2.3916  1  2    19.0156    12.2427
     410        6       19     0.3409    -0.1214    -0.0683     9.1778   -21.8894    -8.4834  1  2    18.3374    12.5811
     411        6       19    -0.2384    -0.0232     0.2998     9.0357   -17.8439    -1.0261  1  2    19.6473    12.6341
     412        6       19     0.8490     0.2538     0.0428     5.6631   -25.2737    -6.9845  1  2    19.4977    13.0963
     413        6       19     0.4105     0.0403    -0.6333   -15.9915   -18.5571     3.3602  1  2    19.5702    12.0450
     414        6       19     0.1401     0.0090    -0.3578   -10.4474    -6.9876     5.3198  1  2    20.4221    12.3382
     415        6       19     0.1266    -0.0909     0.8132     5.1993     0.4231     3.3555  1  2    19.1606    11.5704
     416        6       19     0.5058     0.0618     0.6460    10.5731    -7.0348    -2.4964  1  2    19.2843    12.4129
     417        6       19     0.0626     0.0274    -0.5648    -4.0745    -8.8177    -4.5531  1  2    19.9608    12.5954
     418        6       19    -0.1230    -0.0476    -0.2689    -1.8197    -9.0617    10.0130  1  2    20.7082    12.0652
     419        6       19     0.2142     0.2169    -0.2569     1.1175   -21.2806    -4.7982  1  2    19.2043    12.7536
     420        6       19    -0.0476     0.0123     0.6504     4.3271   -31.4529    -7.4141  1  2    20.2488    12.8878
     421        6       19     0.3306    -0.0754    -0.1313   -17.7394   -25.2250    -2.5347  1  2    18.0523    12.6655
     422        6       19    -0.1449    -0.0383     0.1564    -3.5018   -19.0719    -4.4280  1  2    19.2247    13.0290
     423        6       19     0.5671     0.1671     0.1581     6.1927   -13.3753    -0.1630  1  2    19.9376    12.2955
     424        6       19     0.0848     0.0562    -0.2562    -2.1266    -4.5191    -0.4773  1  2    21.0126    12.1899
     425        6       19     0.0548    -0.0785    -0.2663    -3.5373    -7.7831     1.2413  1  2    19.4816    12.2476
     426        6       19    -0.2070     0.0801     0.1071    12.1331   -17.5416     0.6036  1  2    19.2434    12.2153
     427        6       19     0.3318    -0.0555    -0.1499     1.1352   -22.4184     9.9231  1  2    19.2557    11.9344
     428        6       19     0.3151     0.2248     0.1685   -12.5510   -18.4841     2.2575  1  2    19.5556    12.5945
     429        6       19     0.3452     0.1535     0.0101     8.7557   -21.1850    -1.2442  1  2    19.3181    12.8499
     430        6       19     0.4439     0.0230    -0.2991     4.3194   -28.2185     0.1915  1  2    19.0066    12.6895
     431        6       19    -0.0873     0.0246    -0.5364     7.2738   -26.5996     3.6614  1  2    19.1439    12.6516
     432        6       19     0.2111     0.0574    -0.1416     4.0511   -10.3146    -5.1930  1  2    19.6857    12.7209
     433        6       19     0.5395     0.0840     0.2531    15.0651   -21.4910    -9.0753  1  2    18.7357    12.5336
     434        6       19     0.6733     0.3032     0.5550     8.2422   -23.5786     2.1129  1  2    19.2206    13.0157
     435        6       19     0.4315     0.0003    -0.1556    -1.4404   -13.9632     5.6621  1  2    19.3019    12.3586
     436        6       19     0.4601     0.1633     0.0173    -4.1126   -27.6020    -5.5904  1  2    21.1950    13.0472
     437        6       19    -0.2638    -0.0198    -0.2601    -0.5473   -11.6068    -3.3043  1  2    20.0143    12.6018
     438        6       19     0.3969    -0.0725     0.4813    -0.3747   -15.4236     0.0793  1  2    20.0018    12.5280
     439        6       19    -0.0302    -0.0349    -0.6268    -1.8542    -9.5729    -1.2350  1  2    18.2617    12.3747
     440        6       19     0.1180    -0.0380    -0.6447     0.7264   -19.5500     1.0873  1  2    19.4647    12.2423
     441        6       19     0.2579     0.0357    -0.0594    -9.9761   -20.5610     1.5099  1  2    18.8750    12.0091
     442        6       19    -0.2878    -0.1164    -0.3097   -19.9964   -14.9199     3.6960  1  2    19.0416    12.0041
     443        6       19     0.1250    -0.1177    -0.1789    -0.2354   -17.2291     2.2771  1  2    19.6300    12.2346
     444        6       19     0.0323    -0.2216    -0.5881     0.0202   -23.7386     0.8116  1  2    19.7545    12.1994
     445        6       19     0.2187    -0.0432    -0.2909    -3.1332   -15.4669     1.7125  1  2    19.0350    11.8952
     446        6       19     0.3397     0.0975     0.1390     0.1800   -15.2451     3.0012  1  2    19.9649    12.5193
     447        6       19     0.1676     0.0603     0.1602     9.0771   -23.2686    11.0611  1  1    18.2895    11.9238
     448        6       19    -0.4881     0.0014     0.0746    23.3231   -15.7425    -2.5502  1  2    18.6726    12.2900
     449        6       19     0.1670     0.1715    -0.0243    12.5845   -11.9419    -6.6893  1  2    19.4937    12.8441
     450        6       19     0.1899     0.1035     0.6103     3.8701   -15.5737    -8.8808  1  2    19.9167    12.7038
     451        6       19     0.1001    -0.0871    -0.6459    -5.9801   -18.4171     3.3580  1  2    19.6049    12.1026
     452        6       19    -0.3467    -0.0332     0.8426    15.2518   -13.6146     3.4755  1  2    18.7810    12.5862
     453        6       19    -0.3129     0.1211     0.5559     5.5350   -20.8437     6.7701  1  2    18.9277    12.3155
     454        6       19     0.0243     0.0628     0.0338     8.9437   -11.8858     2.3121  1  2    19.3979    12.0696
     455        6       19    -0.1340    -0.0890    -0.4167    -4.8349    -7.3585    -1.7140  1  2    20.9257    12.5631
     456        6       19     0.1421     0.0623     0.2017    -6.8190   -30.1031    -3.9464  1  2    18.8478    12.7786
     457        6       19     0.1122     0.1844    -0.0832     2.6322   -18.1364     9.1289  1  2    19.0715    12.0311
     458        6       19     0.0936     0.0344     0.5999    11.2607   -20.4840    -3.6612  1  2    19.6836    12.8993
     459        6       19     0.4328    -0.0347    -0.4083     4.8882   -29.7904    -2.7287  1  2    19.2165    12.7651
     460        6       19     0.1578    -0.1543     0.7786     7.0343   -20.9776    -3.6550  1  2    19.8266    12.5344
     461        6       19     0.7704     0.0486    -0.1103    10.0685   -23.2395    -1.3949  1  2    18.9372    12.5419
     462        6       19    -0.0066     0.1887     0.9069    15.7226   -25.4547    12.0665  1  2    19.5262    12.0658
     463        6       19    -0.0815     0.0081     0.9146     5.7816    -7.7649     6.9634  1  2    19.3347    11.9954
     464        6       19     0.6457     0.2468    -0.7566   -20.3786   -29.1414     5.8174  1  2    19.0150    12.6057
     465        6       19    -0.0015    -0.0350     0.5921    -2.6476    -5.3224     5.4626  1  2    20.1674    12.0353
     466        6       19     0.0255    -0.0390     0.0802   -11.8668   -15.9984    -0.2859  1  2    19.5153    12.0901
     467        6       19     0.5281     0.4160    -0.2267    -6.6882   -23.5096   -16.2945  1  2    19.4072    13.8050
     468        6       19     0.0631     0.1547     0.1641   -13.7359    -7.3531    -1.9968  1  2    20.2761    13.0389
     469        6       19     0.4350    -0.0685    -0.6353    -0.9796   -40.7963    -6.1159  1  2    18.5171    12.9600
     470        6       19     0.3363     0.0097    -0.2796   -13.6112   -19.4813    -1.5806  1  2    19.8038    12.2534
     471        6       19     0.2342     0.0203     0.6226     8.6390   -24.3258    -5.4201  1  2    18.8220    12.7212
     472        6       19     0.1817     0.1658     0.4260     4.3608   -15.3131     9.1173  1  2    18.9753    12.3859
     473        6       19     0.6130     0.1149    -0.2838    16.2068   -29.8050    -4.7786  1  2    18.7348    12.6176
     474        6       19     0.3295    -0.1173     0.2335     4.2165   -22.5154     6.2803  1  2    19.9139    12.1203
     475        6       19     0.0980    -0.0422     0.5143     4.3276   -10.9841     4.3788  1  2    19.0198    12.2447
     476        6       19     0.0127    -0.0647    -0.0553     8.0313   -22.8861     2.3007  1  2    19.3114    12.3773
     477        6       19    -0.3013    -0.0469    -0.2561    -0.0503   -14.8146     7.4228  1  2    19.7418    11.9568
     478        6       19    -0.0880     0.1515    -0.6283   -18.1605   -21.5466     6.3744  1  2    19.1422    12.3821
     479        6       19     0.6264     0.0351     0.2930     8.5187   -16.8776     4.7043  1  2    18.9358    11.8832
     480        6       19    -0.1591     0.0292     0.0660     8.6781   -22.1181     7.7077  1  2    18.9666    11.8498
     481        6       19    -0.2102     0.0824     0.3578    19.0142   -19.6432     9.5842  1  2    19.2903    12.1878
     482        6       19     0.3164    -0.1582    -0.3364    -1.4529   -13.4534     9.2937  1  2    18.9046    11.6047
     483        6       19     0.2190     0.0230    -0.4206    -9.2958   -12.9797     1.0176  1  2    19.0719    12.8074
     484        6       19     0.4103     0.1549    -0.1975     6.0126   -30.8395   -10.7506  1  2    19.5783    13.0945
     485        6       19     0.7261     0.0153    -0.0642    -2.2472   -13.8944    -1.0132  1  2    19.1388    12.7497
     486        6       19    -0.0819     0.1780     0.0183    15.1420    -6.4927     4.0541  1  2    20.6359    12.5033
     487        6       19     0.0407     0.2345     0.7414    13.0750   -18.0191     8.8660  1  1    19.6943    12.2280
     488        6       19     0.3421     0.1859     0.4511     1.7952   -23.0864     0.9082  1  2    20.2165    12.4841
     489        6       19     0.1113    -0.0667     0.4307     0.8912   -22.7624    -3.8562  1  2    19.5021    12.5691
     490        6       19     0.2141     0.2108     0.3867     5.7862   -14.6224     1.7299  1  2    20.1450    12.7382
     491        6       19     0.0950    -0.0316     0.2527    -2.6007   -20.6585    -9.4244  1  2    20.2925    12.6699
     492        6       19    -0.4461    -0.0038    -0.5785   -12.8698   -18.1963     8.8840  1  2    19.4288    12.3235
     493        6       19     0.2299     0.1928    -0.7161   -20.1638   -10.8598     1.6949  1  2    20.6895    12.2201
     494        6       19     0.0082    -0.0787     0.7418     6.5829    -5.4670    -1.0578  1  2    18.4943    11.8270
     495        6       19     0.4053    -0.0459    -0.1230     1.1326   -31.4421    -3.7370  1  2    19.3968    13.0774
     496        6       19     0.0762    -0.0144     0.0573    -2.2117   -23.5592     5.0754  1  2    19.6035    12.0575
     497        6       19    -0.1649     0.3785     0.4627    10.2218   -11.1671     7.5256  1  1    20.7143    12.8091
     498        6       19     0.1936    -0.0874     0.1392    -0.5811   -12.5442    -3.6494  1  2    19.0032    12.5230
     499        6       19     0.3204     0.0108    -0.3930    -4.3506   -19.2631    -1.4503  1  2    20.1239    12.2690
     500        6       19     0.2766    -0.0822    -0.2412    -4.1802   -17.4151     2.4981  1  2    19.8085    12.6280
