       1        8       17    -0.1161     0.0092     0.4032    -0.6006   -17.4009    -1.4459  1  2    18.7344    12.6881
       2        8       17    -0.2161    -0.0851    -0.3413    -5.8633   -14.2650    -5.0682  1  2    19.3324    12.6113
       3        8       17    -0.3092     0.0487     0.3339   -24.3296   -10.9839    -0.5285  1  2    19.4834    11.7895
       4        8       17     0.1121     0.0086     0.2053    -7.5448   -15.1421    10.8464  1  2    19.9418    12.0758
       5        8       17    -0.5123     0.0547    -0.3883    13.6643   -12.5027     1.9832  1  2    18.9236    12.6591
       6        8       17    -0.3580     0.0472    -0.1333     4.1147   -14.2323    -1.0458  1  2    18.2078    12.3561
       7        8       17    -0.3878    -0.0888    -0.2641   -23.7076   -22.9238     2.5728  1  2    18.2585    11.8989
       8        8       17    -0.0829    -0.1331    -0.4994    19.5435   -10.5195    -1.0870  1  2    18.8835    11.9734
       9        8       17    -0.3710     0.0700    -0.4660     2.4327   -21.2468    -1.5183  1  2    18.9451    12.7568
      10        8       17     0.0361    -0.0562    -0.2527     2.5324   -21.7246    -0.6834  1  2    18.1489    12.8257
      11        8       17    -0.4033    -0.0037    -0.1517    10.0760   -13.4760    -9.5007  1  2    18.0907    12.8719
      12        8       17    -0.4715    -0.1162    -0.7996    -4.7497   -12.6537     5.3602  1  2    18.7334    12.2946
      13        8       17    -0.3574    -0.0113     0.4618    -4.0774   -20.6991     3.4695  1  2    19.1091    12.3475
      14        8       17     0.6909     0.0333    -0.0663   -16.8980   -28.4721     9.2824  1  2    19.3571    12.7619
      15        8       17    -0.3846    -0.0266    -0.2958     4.3572   -18.9292    -3.3898  1  2    18.8887    12.5262
      16        8       17    -0.9310    -0.0730    -0.5050    17.4731    -5.6645     1.1956  1  2    18.7733    11.4980
      17        8       17    -0.1294    -0.0717     0.6227    -4.6659    -8.9796    -2.5939  1  2    18.6360    11.9751
      18        8       17    -0.6762     0.1370    -0.6559     1.3910   -18.0933    -4.4484  1  2    19.1132    12.5047
      19        8       17    -0.3685    -0.1353    -0.3051    -7.0231   -19.9123     1.1432  1  2    19.1810    12.2369
      20        8       17    -0.1935    -0.1059     0.7455    -8.6631    -4.8649    -0.3783  1  2    19.3019    12.4087
      21        8       17    -0.0943    -0.0332    -0.4185   -10.5057   -20.1818    -5.4301  1  2    19.3646    12.5226
      22        8       17    -0.2629     0.2565     0.5596   -29.5697   -21.1064     5.1330  1  2    18.9245    12.2272
      23        8       17    -0.4501     0.0657    -0.2122    -8.9227   -13.5347   -14.8511  1  2    19.1043    12.9599
      24        8       17     0.3587    -0.0126    -0.2916     1.7595   -22.5387    -6.4578  1  2    18.8412    12.9934
      25        8       17    -0.2023    -0.0767    -0.3612     4.3407   -19.5307     3.0698  1  2    19.3355    12.2882
      26        8       17    -0.5042     0.0224    -0.2927   -12.5030   -13.9328    -2.4027  1  2    19.8296    12.0541
      27        8       17     0.1573     0.0439    -0.6894    11.9765   -16.7991    -0.5435  1  2    20.3856    12.5856
      28        8       17     0.0157    -0.0292    -0.1687     0.4969   -15.9668     3.5858  1  2    19.1689    12.0342
      29        8       17     0.3878     0.2579     0.0987    -3.7583    -8.2146    14.7810  1  1    19.1752    11.4477
      30        8       17    -0.1444     0.0232    -0.3380     8.2551   -16.3458     3.8162  1  2    19.7278    12.1234
      31        8       17    -0.1561     0.1153    -0.2029     4.6932    -9.4671    -1.2783  1  2    20.5431    12.3588
      32        8       17    -0.4748    -0.1037    -0.7988   -13.8027   -19.4255     3.0528  1  2    19.5918    11.7188
      33        8       17    -0.3172     0.0042    -0.2167   -15.2663   -13.4282    -1.8318  1  2    18.7845    12.1085
      34        8       17    -0.2025    -0.0235     0.0833   -15.4781    -6.0127     1.3213  1  2    17.6946    11.7191
      35        8       17    -0.3478    -0.0458    -0.1153     3.7989   -13.7362     6.1728  1  2    20.0461    12.1646
      36        8       17     0.0457     0.0053    -0.6654    -0.9529   -17.1163     7.3832  1  2    19.8849    12.3071
      37        8       17     0.0047    -0.0342     0.3580   -11.6945   -20.6842     6.4801  1  2    19.3912    11.7532
      38        8       17     0.3100     0.0216     0.0013     0.4871   -15.4725     0.4645  1  2    20.0958    12.0332
      39        8       17    -0.3791     0.0756    -0.6762    21.7035   -14.1381    -5.3014  1  2    19.6513    12.4858
      40        8       17    -0.0654    -0.0259    -0.1759   -11.7868    -6.4826     5.8917  1  2    19.9418    12.0170
      41        8       17    -0.1190    -0.1000    -0.3611    -5.8803    -6.0380    -1.5047  1  2    20.4408    11.8260
      42        8       17    -0.5077     0.0143     0.1856    -8.6400   -12.3314    -4.9376  1  2    18.8828    12.2189
      43        8       17     0.0256     0.1247     0.3120   -20.6175    -5.2034     1.9591  1  2    18.6689    11.7270
      44        8       17    -0.3881     0.0832    -0.2283    -3.0964    -9.4656     0.0918  1  2    19.1260    12.5714
      45        8       17    -0.2085    -0.0369     0.0320     4.3617   -23.4219     1.5364  1  2    19.1160    12.5000
      46        8       17    -0.3734     0.1460     0.7203    -5.8484   -21.9087     5.3639  1  2    19.8057    12.0593
      47        8       17     0.1946     0.0570     0.3923   -13.6526   -18.5517     1.8288  1  2    19.9759    12.0584
      48        8       17     0.1098    -0.1504    -0.4978    -3.0458   -25.9652     0.1355  1  2    18.2597    12.5202
      49        8       17     0.0252     0.0422     0.0599     5.8178   -11.2794    -0.7679  1  2    19.8561    12.5188
      50        8       17    -0.1274     0.0289    -0.2304    -2.0143   -28.1128    -6.7125  1  2    19.5238    13.1268
      51        8       17     0.0359    -0.0789    -0.5762    16.2608   -24.9977     0.0418  1  2    20.9950    12.8587
      52        8       17     0.3723     0.0358     0.4876    -8.4596   -12.8221     6.3892  1  2    20.0107    12.0958
      53        8       17     0.0658    -0.1091    -0.9030    -5.4247   -19.4774     0.7593  1  2    18.3309    12.6224
      54        8       17    -0.0132    -0.0779     0.7163   -20.5326    -8.7380     0.7523  1  2    18.1235    11.9716
      55        8       17     0.0580    -0.2403    -0.6608     1.7136   -14.8503     3.0625  1  2    18.4830    12.0314
      56        8       17    -0.3210     0.0632    -0.2595    17.2794    -5.7114     4.0308  1  2    19.0610    11.5326
      57        8       17    -0.6542     0.0383    -0.2002     2.3807   -21.8504     5.4886  1  2    20.3325    12.4284
      58        8       17     0.3203    -0.2087    -0.4667     0.8834    -5.4282     0.8213  1  2    19.2676    12.0951
      59        8       17    -0.2149    -0.0197     0.4249    -7.7835    -9.9844     5.2890  1  2    20.5001    12.4001
      60        8       17    -0.5690     0.2160     0.2280    -4.7051   -15.3850     0.9833  1  2    19.1668    12.4257
      61        8       17    -0.4199    -0.1745    -0.6105     3.7746    -6.0626    -0.9508  1  2    19.2553    12.1849
      62        8       17     0.5010    -0.3321    -0.3453   -13.4590   -14.1050    -0.2281  1  2    18.6675    12.3457
      63        8       17    -0.4838     0.1139     0.5147   -27.2872   -10.3633     3.1200  1  2    19.4430    11.6734
      64        8       17    -0.2121    -0.0664     0.6983   -14.2703   -13.5759    -1.1981  1  2    18.7169    12.3804
      65        8       17     0.1005     0.0559     0.3745   -18.3069    -7.6514     8.9153  1  2    18.9482    11.7208
      66        8       17    -0.5051     0.1044    -0.2088   -23.9655   -11.1531     1.3376  1  2    19.1080    11.6749
      67        8       17    -0.0293    -0.0673    -0.1789    10.8860   -16.2202    -3.4314  1  2    19.1878    12.3347
      68        8       17    -0.6601     0.0873    -0.0540    -8.7698   -20.3175    -4.2096  1  2    19.4370    12.7917
      69        8       17    -0.1691     0.1301    -0.1701    -5.7093   -19.3493    10.8083  1  2    19.5646    12.2056
      70        8       17    -0.0497     0.0261     0.4960   -11.5625   -17.8562     9.1582  1  2    18.9639    11.9988
      71        8       17     0.1857    -0.0128     0.1311    -0.4637    -3.4863    -6.6624  1  2    20.8827    12.4402
      72        8       17    -0.5467     0.1590    -0.5679    -0.3903   -28.6895   -12.0323  1  2    20.4612    13.1922
      73        8       17    -0.2724    -0.1151    -0.3693    -3.7554   -19.5158     0.3601  1  2    18.9673    12.1391
      74        8       17    -0.0210    -0.0623     0.2823   -15.0202   -32.2716    -3.3318  1  2    19.8075    12.6722
      75        8       17    -0.2401     0.0829    -0.1288     4.7232   -18.3168    -0.6034  1  2    19.7953    12.5650
      76        8       17    -0.0452     0.0960     0.0985   -10.6269   -15.9432    -3.2877  1  2    19.0276    12.1434
      77        8       17    -0.3384    -0.0604    -0.4199    -2.2188   -12.8219    -0.5219  1  2    18.9114    12.1608
      78        8       17    -0.0096    -0.0688     0.0936    -2.4767   -15.6873     3.6520  1  2    19.7144    12.2843
      79        8       17    -0.1309     0.0724     0.2875   -14.3843   -16.8252     8.2676  1  2    19.2924    11.9180
      80        8       17     0.3121     0.0531     0.6853   -19.0968   -17.6762     3.8375  1  2    18.7451    12.3573
      81        8       17    -0.1503    -0.0419    -0.2624     2.7697    -5.8051    -2.0009  1  2    18.4716    13.0435
      82        8       17    -0.3701    -0.1262     1.2910   -11.5874   -22.9952    -0.8179  1  2    18.4594    12.5055
      83        8       17     0.0779    -0.0817     0.0471   -12.6254   -31.3469     2.3524  1  2    19.1778    12.1308
      84        8       17    -0.1634    -0.1312     0.2972    -6.9123   -15.9667    -5.5984  1  2    19.5225    12.8406
      85        8       17    -0.1111    -0.0902     0.2292    -0.4286   -21.8917     1.9423  1  2    18.9719    12.4436
      86        8       17    -0.0830     0.1388     0.1616    11.7671   -15.8569    10.2620  1  2    20.4295    12.2340
      87        8       17     0.3765    -0.0766    -0.3186     0.3404   -18.5304     1.1661  1  2    19.1673    12.4747
      88        8       17    -0.2457     0.0405     0.0834    -3.9320   -23.0568    -0.7195  1  2    20.2239    12.3251
      89        8       17    -0.0125    -0.2453     0.0745    -6.1772   -11.0325    -2.0106  1  2    19.8198    12.2244
      90        8       17    -0.1756     0.1768    -0.2209    -0.3546    -4.7514    -5.1929  1  2    20.6364    12.4925
      91        8       17    -0.2183    -0.0428    -0.0778   -17.3916   -15.8144    -1.6071  1  2    19.1372    11.9109
      92        8       17    -0.3672    -0.0129    -0.5297     7.5542   -17.7589     3.0200  1  2    18.1731    12.3195
      93        8       17    -0.3086     0.0577     0.0947    -6.5355   -26.9163    -1.4505  1  2    20.5359    12.5001
      94        8       17     0.2866    -0.0166     0.3891   -21.1663   -16.9537    -1.1942  1  2    19.5966    12.2939
      95        8       17    -0.3274     0.0872     0.1459    -8.0248   -18.1381    -7.9716  1  2    19.6120    13.0719
      96        8       17    -0.2081    -0.0473    -0.8207   -14.3832   -14.9807     5.3952  1  2    18.1477    11.8552
      97        8       17    -0.6920    -0.0015    -0.4959   -10.2749   -24.3889     0.2394  1  2    19.1877    12.6568
      98        8       17    -0.0793     0.0372     0.2414   -10.2448   -29.8533    -1.3184  1  2    18.7178    12.2883
      99        8       17     0.2673    -0.1987    -0.2638     0.3935   -20.0785    -6.4258  1  2    18.4568    12.6864
     100        8       17    -0.4477     0.2384    -0.1516    -2.4847   -21.2785     0.8766  1  2    19.0548    12.5910
     101        8       17    -0.3475    -0.0128     0.1356   -21.6501   -12.5996     2.7777  1  2    19.7050    11.9757
     102        8       17     0.3662     0.1742     0.5033   -15.5096   -15.1790     7.3309  1  2    19.7102    11.9634
     103        8       17    -0.1082     0.1263     0.6106   -20.1021   -25.4317    -2.1363  1  2    19.7089    12.4988
     104        8       17     0.4751    -0.2325    -0.3026    -3.2227   -17.3141    -2.0726  1  2    19.4208    12.5489
     105        8       17    -0.2923     0.0123     0.2769    10.9302   -18.2762    -1.3145  1  2    19.8249    12.6929
     106        8       17    -0.2712    -0.0200     0.1814    -5.9045   -16.7848    -4.4801  1  2    19.0036    12.5277
     107        8       17    -0.4267     0.0473     0.1938     2.6603   -14.6705    -1.6914  1  2    21.0107    12.9034
     108        8       17    -0.0636     0.0110     0.1525     0.6851    -8.7677    -0.0610  1  2    19.0437    12.3925
     109        8       17    -0.7696     0.1371    -0.4674    -0.9835   -41.8013    -8.2319  1  2    18.7865    13.3487
     110        8       17    -0.3424    -0.1616    -0.7871    -5.7912   -18.2751     5.7975  1  2    19.5138    12.6197
     111        8       17    -0.0147    -0.0301     0.2166    -8.5072   -26.2785    -6.2752  1  2    18.0990    12.4423
     112        8       17    -0.0783    -0.2025    -0.5076    -1.5419   -20.9869     3.9152  1  2    18.2006    11.7754
     113        8       17    -0.0992    -0.2099     0.0341    -7.9056   -23.1376     0.0374  1  2    19.2904    12.2230
     114        8       17    -0.2035     0.3031    -0.1846     2.6390   -20.6931     6.5197  1  2    19.7435    12.6426
     115        8       17    -0.3563     0.0535    -0.0858    -7.8159   -16.6944    -8.2764  1  2    19.8316    12.9098
     116        8       17    -0.0648     0.0108    -0.8252     7.1393   -19.2667     4.4336  1  2    19.2361    12.7873
     117        8       17     0.1166     0.0630    -0.2340    -7.2723   -17.4277     4.9253  1  2    18.9203    12.2638
     118        8       17    -0.1493     0.1083     0.0586   -14.3219   -20.0023    -3.7163  1  2    19.4517    12.6291
     119        8       17    -0.1275     0.0948    -0.2026   -11.8601   -18.0625     0.2701  1  2    19.6645    13.0598
     120        8       17    -0.4425     0.2525     0.0383    -7.6891    -4.8226   -13.6912  1  2    18.7999    12.9882
     121        8       17    -0.4389     0.0423    -0.0112   -23.6270   -18.4129    -2.0868  1  2    18.4090    12.5427
     122        8       17    -0.1985    -0.0291     0.2651   -25.5065   -16.0977     1.8655  1  2    17.8553    11.7569
     123        8       17    -0.4121     0.0435     0.2046   -11.8805    -5.1832    -3.5190  1  2    18.5819    12.0811
     124        8       17    -0.0966    -0.0117     0.4888   -18.2442   -21.8879    -4.5586  1  2    19.0587    12.8006
     125        8       17    -0.3585    -0.1747    -0.7303    -9.1784   -19.9973     0.6785  1  2    18.9005    12.5700
     126        8       17    -0.3856    -0.0842     0.0826   -17.5084   -26.5180    -2.9158  1  2    18.0976    12.2646
     127        8       17     0.0072    -0.0982    -0.2333     8.1581   -14.2181    -2.3755  1  2    19.4567    12.5524
     128        8       17     0.1052     0.0509    -0.2705    12.4620    -6.9511     0.8177  1  2    19.1289    12.2904
     129        8       17    -0.3915     0.0682     0.0202   -20.6199   -25.1086    12.0271  1  2    18.4213    11.6690
     130        8       17    -0.1347    -0.0688    -0.6394    11.6887    -8.5144     2.4855  1  2    18.3587    11.9523
     131        8       17    -0.2175     0.0759    -0.3957   -10.5332   -17.2470     1.4157  1  2    18.7549    12.3453
     132        8       17     0.2452     0.0132     0.2601    -2.6342   -16.7342     1.3749  1  2    19.2363    12.5507
     133        8       17    -0.0825    -0.1235     0.0334   -15.3886   -18.5588     0.1814  1  2    20.0148    11.9177
     134        8       17    -0.0135    -0.0937    -0.4589   -10.1902   -19.2612     5.5891  1  2    19.1048    11.9512
     135        8       17     0.4359     0.0318    -0.1565     0.6803   -15.9734     9.4493  1  2    19.3631    12.1737
     136        8       17    -0.2179    -0.0997     0.1281   -17.0287   -17.1391    -4.5045  1  2    19.0975    12.1113
     137        8       17    -0.0720    -0.0693    -0.3049    -4.3443     0.6537     6.9156  1  2    19.2700    11.7108
     138        8       17     0.0420    -0.0034     0.0799   -18.7034   -23.3922     5.3085  1  2    19.6261    12.3848
     139        8       17    -0.1888     0.3190    -0.1991     2.3404     5.8371     8.0946  1  2    19.9119    12.0461
     140        8       17    -0.2008    -0.0473     0.0093    -9.9361    -5.3534    -5.8298  1  2    19.9947    11.7917
     141        8       17    -0.1670     0.0263    -0.6533    -7.9426    -1.8937     2.2227  1  2    20.0560    11.8858
     142        8       17    -0.2126    -0.0339    -0.0084    -2.9853   -15.9157    -5.0164  1  2    19.5263    12.5693
     143        8       17    -0.3691    -0.1400    -0.0840   -10.2003   -23.3657     4.5573  1  2    18.3603    12.3662
     144        8       17    -0.3774     0.1077     0.2495   -24.1663   -23.3557    -5.2931  1  2    19.9571    12.3957
     145        8       17     0.2944    -0.0259    -0.7027   -15.2220   -14.4256    -0.6799  1  2    20.1525    12.0884
     146        8       17    -0.7430     0.0406    -0.0758     4.0721   -21.8652    -2.4535  1  2    20.6879    12.7098
     147        8       17    -0.1509     0.2017    -0.2533     1.5028   -10.4603    -2.7007  1  2    19.8986    12.4607
     148        8       17    -0.3131    -0.0522     0.0641    -4.1722   -11.1669    -0.3361  1  2    20.2115    11.9469
     149        8       17     0.2286     0.1847     0.3435   -29.0443    10.0106    11.3183  1  2    18.9146    10.7732
     150        8       17     0.0809    -0.0335     0.0942    -8.0972   -28.8066    11.9889  1  2    20.0496    12.0768
     151        8       17    -0.5732    -0.0135    -0.2213     4.5457   -15.9589     4.5720  1  2    20.3073    12.3365
     152        8       17     0.2030     0.1711     0.9877   -11.1736   -26.7699     8.0001  1  1    20.8610    12.1596
     153        8       17     0.5354    -0.2408    -0.0579   -17.3850     0.6506    -1.8230  1  2    20.7474    12.2326
     154        8       17    -0.1729     0.0637     0.4772    -1.3507    -1.4491    14.1106  1  2    19.9542    11.4720
     155        8       17    -0.4170     0.1118    -0.1674    -2.0443   -11.1871    -1.7326  1  2    21.4785    12.9475
     156        8       17    -0.3256    -0.1039    -0.3009     3.1896    -7.0222    -0.8868  1  2    20.0890    11.9898
     157        8       17    -0.0283    -0.2567    -0.7238     0.9131    -8.3598     1.4582  1  2    20.0307    12.2095
     158        8       17     0.0722    -0.1498    -0.4480    -3.6430   -11.2500    -1.4958  1  2    18.6553    11.8075
     159        8       17    -0.0633     0.0050     0.1501    -2.9780     9.9399     1.3548  1  2    18.6618    10.7361
     160        8       17    -0.2715     0.3692    -0.0355    -2.3656   -15.7495     1.7906  1  2    19.1791    12.7451
     161        8       17    -0.4990    -0.1297    -0.3293    -8.0089   -23.4628     0.4811  1  2    18.4100    12.0317
     162        8       17    -0.3505     0.2825     0.4324   -18.7390   -19.6121    -4.6037  1  2    18.9429    12.5805
     163        8       17    -0.3421     0.0224    -0.3102    -9.5423    -8.5437    -2.0987  1  2    18.1237    12.2355
     164        8       17    -0.3334     0.0821    -0.3965    -8.7878   -18.9925    -1.7946  1  2    18.2410    11.8098
     165        8       17    -0.4428    -0.0293     0.5147   -16.4000     4.4705    -1.3836  1  2    18.4194    11.1427
     166        8       17     0.3091    -0.2335    -1.1153     2.7334   -21.4213     5.9813  1  2    18.4809    11.8705
     167        8       17    -0.0692    -0.0858     0.0706    -8.0179   -16.2832     2.3009  1  2    18.3733    12.1787
     168        8       17    -0.1061    -0.1468    -0.0011   -10.6589   -14.9900    -4.9740  1  2    18.1544    12.2334
     169        8       17    -0.3642     0.0315     0.0797   -19.7518   -14.2390     8.6534  1  2    18.0440    11.5807
     170        8       17    -0.5579     0.2340     0.6113   -26.0045   -15.9531    -3.1181  1  2    18.9583    12.5930
     171        8       17     0.0169    -0.1124     0.3223   -18.1840   -12.6826     2.9993  1  2    18.8347    11.8369
     172        8       17    -0.0785     0.1828    -0.2211   -16.9435   -11.1271    -1.4348  1  2    18.8080    12.4752
     173        8       17    -0.0728    -0.0987     0.5008   -25.1192     1.6892    -1.0956  1  2    20.0001    12.0323
     174        8       17    -0.4149     0.0974     0.2119    -2.8774   -10.2599    -1.0510  1  2    19.5929    12.3692
     175        8       17    -0.1858    -0.1426    -0.5600   -14.8546   -18.7494    -1.8938  1  2    18.9039    11.7632
     176        8       17    -0.5100     0.0081    -0.9146    -5.3879   -21.2517   -10.1029  1  2    19.1972    12.6013
     177        8       17     0.3782     0.0355    -0.0354   -15.6310   -13.5731    -1.4566  1  2    20.0667    12.6540
     178        8       17    -0.1061    -0.0180     0.1735    12.4877   -33.0992     1.4643  1  2    20.4411    12.4068
     179        8       17    -0.2600     0.2780     0.1272   -25.9641   -13.0786     3.3985  1  2    18.9571    12.0674
     180        8       17     0.4296    -0.0016     0.1072    -1.9894   -11.1350     2.6435  1  2    19.3705    11.4606
     181        8       17     0.0989     0.0081     0.2878    -7.6894   -12.8820    -1.2048  1  2    20.2190    12.2446
     182        8       17    -0.2188     0.0005     0.4571   -23.5913    -5.6819     0.9128  1  2    19.8245    11.7260
     183        8       17    -0.4064    -0.0114    -0.4080    -1.0187   -18.7546     3.1746  1  2    20.0172    12.1673
     184        8       17     0.1419    -0.0761     0.1425   -11.5358   -22.9146    -6.2598  1  2    19.9806    12.2772
     185        8       17    -0.0991    -0.0883    -0.1737   -18.7958   -12.3299    -4.5926  1  2    20.3316    12.4029
     186        8       17    -1.0696    -0.0065    -0.3986    11.6770   -24.6504    -0.4961  1  2    20.0451    12.5085
     187        8       17    -0.4428     0.1962     0.2551     8.4098   -18.7932     9.7714  1  2    20.5986    12.8487
     188        8       17    -0.3322     0.1216    -0.2959    10.5139   -27.9208     0.6299  1  2    19.7834    12.6256
     189        8       17    -0.1255    -0.0419     0.2457     8.7857   -11.6025    -0.1923  1  2    20.1086    12.2098
     190        8       17    -0.3499     0.1271     0.0397    10.9952   -24.3969     8.0914  1  2    20.6775    12.9102
     191        8       17     0.0458    -0.0665    -0.1694    -4.4340   -19.0726     9.3313  1  2    19.2701    11.2660
     192        8       17    -0.1919     0.4338    -0.3236    17.9621   -20.5479    14.6829  1  1    19.8802    12.2412
     193        8       17    -0.5091    -0.1190     0.1934    -7.2014   -19.8143     6.7432  1  2    19.6087    11.9044
     194        8       17     0.2174    -0.0900    -0.9310     3.9987   -16.7865    -3.7991  1  2    19.9208    11.6850
     195        8       17    -0.1663     0.2102     0.0418    -2.8408   -20.3027    -8.1823  1  2    18.0446    13.1430
     196        8       17    -0.6401    -0.0717    -0.0840    -4.6255   -14.2461    -0.6997  1  2    18.8951    12.3270
     197        8       17    -0.3307     0.0346    -0.0412   -14.1534   -22.5902     3.7549  1  2    20.6703    13.0042
     198        8       17    -0.2768    -0.0066     0.2330   -26.1856   -14.5383     6.0405  1  2    19.5437    11.5547
     199        8       17     0.3156    -0.0266    -0.0945   -29.0560   -25.1721     8.0792  1  2    20.1218    11.9352
     200        8       17     0.0581     0.0230     0.8157    -5.5715   -20.1815     2.4638  1  2    20.9571    12.3798
     201        8       17    -0.3826    -0.0364    -0.2383    -3.3088    -9.6930     0.3111  1  2    20.0533    12.2070
     202        8       17    -0.2307     0.2810    -0.2815   -13.7843   -19.9511    -7.6860  1  2    20.1794    13.0354
     203        8       17    -0.4665    -0.0267    -0.0480     1.4516   -11.3012     5.8693  1  2    20.4262    12.1974
     204        8       17    -0.3655    -0.1281    -0.3512    -1.1716   -16.5272     3.9153  1  2    19.6938    12.1114
     205        8       17    -0.0791    -0.0327    -0.3069     7.1923   -19.9719    -3.6858  1  2    20.1350    12.9223
     206        8       17    -0.1880    -0.1193     0.2530    -5.6482   -18.8645     0.3338  1  2    18.8895    12.0833
     207        8       17    -1.1142    -0.0841     0.3087   -11.5666   -11.0966    -0.9743  1  2    19.4186    12.2752
     208        8       17    -0.4702     0.0637     0.7060   -10.3370   -24.2515    -0.3915  1  2    19.7203    12.2690
     209        8       17     0.3442    -0.0062    -0.1393   -10.9584    -4.2091     4.7251  1  2    19.0259    12.4363
     210        8       17    -0.1645     0.1249    -0.0288    -5.1446    -8.7254     0.3173  1  2    19.7912    11.6771
     211        8       17     0.3959    -0.1644     0.0523    -8.9931   -10.6282     2.2004  1  2    19.4868    11.8543
     212        8       17     0.1481    -0.1185    -0.2964    -6.8644   -24.7269     3.8226  1  2    19.5658    12.3672
     213        8       17     0.1895    -0.0637     0.8082   -16.1250   -17.5098    -1.8179  1  2    18.5193    11.9972
     214        8       17    -0.4001    -0.0499    -0.3018     1.7730   -23.1634     2.1791  1  2    18.9846    12.0044
     215        8       17    -0.3061     0.1167     0.5868   -11.1375   -14.1511    -7.4403  1  2    18.7404    12.6994
     216        8       17    -0.4736     0.0173    -0.4268   -10.6668   -23.7957    -5.5176  1  2    18.3879    12.3535
     217        8       17     0.0009     0.1607    -0.6083     3.4402   -21.3820    -6.1580  1  2    18.3419    13.0550
     218        8       17    -0.0304    -0.0999     0.1039     0.0427   -18.0730    -7.1932  1  2    20.9697    12.6564
     219        8       17    -0.4092     0.0022     0.0385    -6.9926   -18.9376    -6.2566  1  2    18.0887    12.7180
     220        8       17     0.2219    -0.0425    -0.7220    22.3150   -13.7050    -0.2547  1  2    19.0713    12.2452
     221        8       17    -0.2788     0.0826     0.2397   -24.0468   -18.7746     5.8517  1  2    17.9027    12.2669
     222        8       17    -0.0099     0.0489     0.3301     4.4016    -9.6069    -6.9272  1  2    18.8065    12.7016
     223        8       17    -0.0625     0.3081    -0.2976     8.5290   -13.7900    -8.7866  1  2    19.0893    12.9066
     224        8       17     0.0156     0.0249    -0.4455    -8.1229   -17.7706    -4.6619  1  2    19.5202    12.7919
     225        8       17    -0.2469     0.1659     0.2994    -0.7376   -20.0057    -2.8211  1  2    19.3740    12.4694
     226        8       17    -0.5094     0.1668    -0.4080    14.7440   -12.5169     8.2303  1  2    18.8388    12.2830
     227        8       17    -0.0141    -0.0608    -0.3209   -11.6687   -25.0183     2.1404  1  2    20.5358    12.1565
     228        8       17    -1.0658    -0.0382    -1.1519    -5.1962   -21.0396    -6.7342  1  2    18.5584    12.5368
     229        8       17    -0.0678     0.0191    -0.6992    17.2896   -27.0644    -3.5100  1  2    19.0726    12.6587
     230        8       17    -0.1546    -0.1406    -0.4282     0.6558   -18.3798     5.9217  1  2    18.2449    12.2890
     231        8       17    -0.2407     0.0667    -0.1503    -2.4473   -10.9903     1.1973  1  2    19.1002    12.2364
     232        8       17    -0.3612    -0.0992     0.1833   -17.2244   -16.5663     2.0741  1  2    18.6864    12.0227
     233        8       17    -0.0006    -0.1277    -0.4144    -8.6344   -24.9302    -0.8993  1  2    19.6825    12.4443
     234        8       17    -0.1938    -0.0132    -0.1209   -19.7366   -15.9624     5.5380  1  2    18.5161    11.7681
     235        8       17    -0.4384     0.0646    -0.7657   -10.4665   -30.6133     2.0725  1  2    18.6593    12.1252
     236        8       17    -0.3285    -0.0926     0.2186     3.7862   -16.4531     2.5940  1  2    19.5898    12.1251
     237        8       17    -0.3644     0.0333    -0.8401     9.1302   -21.3359    -1.7831  1  2    20.9412    12.6461
     238        8       17    -0.0972     0.1394    -0.3200    21.8230   -25.6216     1.8165  1  2    20.0086    12.4507
     239        8       17    -0.3026     0.1970     1.0567   -19.2600   -16.1292    -0.2718  1  2    19.4229    12.5306
     240        8       17     0.0489    -0.1848    -0.5019     5.0612   -34.4885     1.1499  1  2    19.8947    12.5705
     241        8       17     0.2016     0.1301    -1.0182    33.2422   -21.5377     6.2461  1  2    19.5763    12.0322
     242        8       17    -0.0313     0.0476    -0.8000    15.5480   -22.5722    -5.8266  1  2    19.6324    12.8399
     243        8       17    -0.6182    -0.0188     0.1908    11.5880   -15.3581    -1.4007  1  2    20.1971    12.2838
     244        8       17    -0.1135     0.0383    -0.4209     3.7610   -20.3338    -5.6996  1  2    19.8455    12.6520
     245        8       17    -0.0785    -0.0666    -0.0117   -27.9291   -21.3366     2.2173  1  2    18.3366    11.6368
     246        8       17     0.0956    -0.1523    -0.5963    13.6474   -20.4680    -1.8243  1  2    19.2966    12.2836
     247        8       17    -0.1397    -0.1407    -0.1505   -14.2299   -16.0810     5.7852  1  2    18.1216    11.6304
     248        8       17    -0.5945    -0.0778    -0.2886    -5.3686   -12.9935    -2.3937  1  2    18.2228    11.9627
     249        8       17     0.2720    -0.0693    -0.4577   -11.0686   -18.7515     5.0334  1  2    19.9844    11.9966
     250        8       17    -0.2810    -0.0102     0.1574   -19.4433   -24.1583     2.9659  1  2    20.2128    12.3353
     251        8       17    -0.0766     0.0386     0.2982   -15.1819   -21.0431     1.8839  1  2    19.9907    11.9599
     252        8       17    -0.2461     0.0041    -0.2632    -0.5024   -18.8534     4.4718  1  2    20.2643    11.9601
     253        8       17    -0.0789    -0.2184    -0.4256    -4.0032   -20.2148     2.1446  1  2    19.1645    11.5250
     254        8       17    -0.2403     0.0241     0.2998   -18.8388   -14.9899    -3.0926  1  2    19.7376    12.4682
     255        8       17    -0.6188    -0.0015    -0.2052     4.9241   -15.4017    -1.1822  1  2    19.4893    12.0344
     256        8       17    -0.1942    -0.0758    -0.1994    -4.9887   -14.0415     5.4329  1  2    18.4268    11.6086
     257        8       17     0.0388    -0.0135     0.1098   -10.4060   -12.7617    -0.5362  1  2    18.9059    12.1315
     258        8       17    -0.0737    -0.0483     0.4842   -24.9299   -21.0267    -0.3550  1  2    19.2316    12.0604
     259        8       17     0.1797    -0.2915    -0.1872    -9.1156   -22.6945    -4.4275  1  2    19.6626    11.9534
     260        8       17    -0.4344     0.0425     0.0101   -23.8786   -16.5983     1.3367  1  2    20.5151    12.1240
     261        8       17    -0.7934    -0.0260     0.0453   -21.5002   -10.4124     8.2514  1  2    19.9452    11.4386
     262        8       17    -0.2158     0.2087     0.2471    -8.9742    -4.2038     3.2509  1  2    20.3509    12.8225
     263        8       17    -0.1441     0.0703    -0.4599     5.8408   -14.2838    -6.2406  1  2    19.1809    12.6116
     264        8       17    -0.2772     0.0083    -0.6859   -12.8855   -20.9017    11.6241  1  2    19.8648    12.0123
     265        8       17    -0.1792    -0.2377    -0.7545    -1.1936   -26.2981     1.0224  1  2    19.1719    11.6717
     266        8       17    -0.2691     0.0063    -0.3609   -16.7465   -13.8208    11.0762  1  2    19.8580    11.6921
     267        8       17    -0.0066    -0.0471    -0.2329    -4.0791    -9.3231     5.1918  1  2    19.1877    11.4293
     268        8       17    -0.6749     0.3710    -0.1367   -20.0913   -11.4532     5.6783  1  2    17.8645    11.5136
     269        8       17     0.2044     0.0172    -0.2296   -15.8401   -22.1181    -4.6093  1  2    18.6467    12.4043
     270        8       17    -0.4322    -0.0145    -0.2338    -2.8015   -30.0240    -3.8706  1  2    18.0946    12.5338
     271        8       17    -0.1052     0.1302    -0.1420    -6.5383    -4.6665    -2.9393  1  2    19.5342    12.3309
     272        8       17     0.1160     0.0221    -0.3094    -1.7520   -19.0512    -4.1716  1  2    19.7115    12.3414
     273        8       17     0.1137    -0.0849    -0.1888    -4.3743   -18.5262    -1.8370  1  2    18.6647    12.4272
     274        8       17    -0.1175     0.1524     0.0430   -30.1940   -13.2480    -2.3719  1  2    18.7101    12.0380
     275        8       17    -0.3729     0.0904    -0.0922     2.1665   -12.6598    -3.0802  1  2    19.4848    12.4855
     276        8       17    -0.0892     0.0005     0.1391   -10.8383   -25.3142   -13.5822  1  2    18.5029    12.6101
     277        8       17     0.0139     0.1956    -0.1333    -5.1764   -15.2685     4.5791  1  2    19.9757    12.2689
     278        8       17    -0.1089    -0.0343    -0.7926   -14.4314   -19.5982     4.0777  1  2    20.1732    12.4173
     279        8       17     0.0255    -0.1278    -0.5284    -3.2112   -24.0235     9.5720  1  2    19.6311    12.1510
     280        8       17    -0.4487    -0.0343    -0.4718     3.3180   -16.7845    -3.2906  1  2    20.6386    12.6727
     281        8       17    -0.0335     0.0180     0.5813   -29.1965   -14.8678    -1.5742  1  2    19.4051    11.7576
     282        8       17    -0.0684    -0.0575    -0.5718    -7.6439    -5.4416    -2.8858  1  2    19.6543    12.1458
     283        8       17    -0.1048     0.2202     0.2477   -26.9481    -8.3900    -2.3728  1  2    18.3754    11.7792
     284        8       17    -0.2275    -0.0868     0.0032     2.4181    -7.4223     1.1929  1  2    19.1779    12.0550
     285        8       17    -0.4261    -0.1003    -0.3665    -6.4278    -9.1614     9.7230  1  2    19.1786    12.0388
     286        8       17     0.1357    -0.1052     0.0448    -1.6710   -20.4372     1.6434  1  2    19.1058    11.8657
     287        8       17     0.0408     0.0237     0.4719    -7.1773    -7.8751    -1.5176  1  2    19.2229    12.1475
     288        8       17    -0.1439     0.1315     0.3340   -18.2489    -7.7521    -0.1412  1  2    19.6667    12.5343
     289        8       17    -0.1377     0.0077     0.0070    -1.1221   -12.9243     2.1052  1  2    18.8478    12.3256
     290        8       17    -0.1007     0.0477     0.2621   -16.7302    -7.3463    -6.4223  1  2    19.7267    11.8944
     291        8       17    -0.3875    -0.0803    -0.0477   -10.8744   -17.0942     8.6721  1  2    19.6701    11.8491
     292        8       17    -0.0473     0.0552    -0.2377    -9.4183    -7.4799    -0.2527  1  2    20.6821    12.6254
     293        8       17    -0.2360     0.0110     0.1562    -6.7040    -5.7683     6.3571  1  2    20.5969    12.0921
     294        8       17    -0.0576    -0.0308    -0.5779    -6.1729   -20.2401     9.4492  1  2    20.0649    11.7713
     295        8       17     0.1959     0.1012    -0.5126     8.2409   -12.4431    -9.2183  1  2    19.4820    12.7645
     296        8       17    -0.3368    -0.0508    -0.4375     0.5650   -13.3263     4.1512  1  2    20.2733    12.3205
     297        8       17     0.0753    -0.0494     0.3149    -6.2118   -15.1541    -5.5451  1  2    20.2106    12.3802
     298        8       17    -0.6155     0.1267    -0.2403    -9.1705    -8.4601     2.7239  1  2    19.1070    11.9178
     299        8       17    -0.1728    -0.0974    -0.2076     1.4186   -13.6056    -1.6573  1  2    18.8343    12.0794
     300        8       17    -0.0406     0.3643     0.0248     4.0253   -13.3868    17.7888  1  1    19.2135    12.4653
     301        8       17     0.1200    -0.0140    -0.1791   -14.6564   -23.2943     1.9613  1  2    18.5720    12.2877
     302        8       17    -0.5750     0.0723     0.6048   -31.9116   -21.0369     0.2083  1  2    19.1949    12.3806
     303        8       17    -0.1148     0.0483     0.4441    -3.5508    -6.7346     1.2243  1  2    18.8135    11.6531
     304        8       17    -0.4086     0.0195    -0.4698    -0.6596   -19.8220    -2.5850  1  2    19.5605    12.9251
     305        8       17    -0.1880     0.1845    -0.6526     5.5504    -6.8781    -1.5223  1  2    18.8711    12.3200
     306        8       17     0.1726     0.0361     0.1057   -23.2492   -20.0545    -1.1285  1  2    18.9942    12.7584
     307        8       17    -0.3496     0.2419    -0.2630     2.5962   -25.5759     4.8560  1  1    18.8061    12.4515
     308        8       17     0.0672    -0.0520    -0.3068   -14.8308   -14.7396     4.1045  1  2    19.4805    12.2779
     309        8       17    -0.5729     0.1390    -0.5359    15.4404   -22.6446   -10.2399  1  2    19.3476    13.3311
     310        8       17    -0.0774    -0.0684    -0.1814     8.6868   -11.1193     2.6935  1  2    18.8385    12.0633
     311        8       17    -0.5201     0.1541     0.0878    -2.6307   -13.0127    -2.3978  1  2    18.7562    12.3479
     312        8       17     0.0088     0.0462    -0.3229    -2.2885   -15.8395     3.5430  1  2    18.8303    12.1716
     313        8       17     0.2357     0.0225    -0.2618   -18.5748   -12.0704     5.7848  1  2    18.7591    11.8524
     314        8       17    -0.0537     0.0427    -0.0971   -10.4466   -20.5400    -3.4881  1  2    19.5404    12.5422
     315        8       17    -0.4930     0.1889    -0.3429    11.9311   -16.1727     0.3398  1  2    19.2503    12.4022
     316        8       17    -0.5393    -0.1174     0.2336    -5.5772    -4.8010     2.9756  1  2    18.7468    11.7096
     317        8       17    -0.3618    -0.0633    -0.5843    -3.0715   -14.6637    -2.8211  1  2    18.9167    12.5423
     318        8       17    -0.2945     0.1479    -0.1473   -18.7415   -14.8975    -1.0874  1  2    18.1234    12.2510
     319        8       17    -0.2698    -0.0363     0.0526   -18.0559   -10.6990    -7.7956  1  2    19.9791    12.4520
     320        8       17    -0.3040     0.0850     0.7839   -14.2109    -9.0502     1.3440  1  2    19.7991    11.9021
     321        8       17     0.4867    -0.2600    -0.1526   -17.3968   -14.8895    12.1981  1  2    18.9821    11.2591
     322        8       17    -0.2537     0.2716     0.2222   -14.8360   -14.5110    -9.4354  1  2    19.6514    12.9477
     323        8       17     0.0541    -0.1053     0.1166   -29.5065   -25.5951     6.5209  1  2    19.0122    11.7809
     324        8       17    -0.0399    -0.1205    -0.8507    18.1179   -22.8785     3.0573  1  2    19.4275    12.3279
     325        8       17    -0.5439    -0.0470    -0.1567     1.0904   -23.5293     0.4668  1  2    18.7640    12.5107
     326        8       17    -0.3174     0.1490    -0.1257    -0.0625   -15.9539    -6.5664  1  2    18.9740    12.7168
     327        8       17    -0.1592     0.0838    -0.8459    23.4694   -16.3493     2.0631  1  2    18.9886    12.2866
     328        8       17     0.1271     0.0580    -0.2941     0.7341   -21.4744    -8.1156  1  2    18.6962    12.9679
     329        8       17     0.1996    -0.1055    -0.5942    -5.5230   -23.3810     3.9538  1  2    18.0461    11.9819
     330        8       17     0.4811     0.0811    -0.3322    -7.5741    -7.4671     4.4660  1  2    19.2207    12.2735
     331        8       17    -0.0001     0.0318    -0.1270    -4.1123   -27.6536    -5.1134  1  2    18.7355    13.0606
     332        8       17     0.4846     0.1241    -0.8029    14.7864   -26.3997     3.5342  1  2    19.4064    12.3221
     333        8       17    -0.0995     0.0567    -0.2086     5.1795    -6.1739     6.9435  1  2    18.5646    11.5274
     334        8       17    -0.2763     0.1326     0.1869     5.7803   -12.8615     9.2685  1  2    20.7159    12.7139
     335        8       17     0.3343     0.0567    -0.2658     1.3064   -20.5078     0.7491  1  2    18.0628    12.5668
     336        8       17    -0.1026     0.0523    -0.1935     4.6253   -17.8790     6.3357  1  2    18.5983    12.6166
     337        8       17    -0.4688    -0.0653    -0.5081    -0.9665   -10.2287     2.2932  1  2    18.4272    11.9193
     338        8       17    -0.1282    -0.0065     0.0614    -8.9941   -16.0461     2.7635  1  2    18.6443    12.2728
     339        8       17     0.0759     0.1259    -0.7847     9.6912   -26.3779     6.0886  1  2    18.7959    12.3550
     340        8       17    -0.7261     0.0050    -0.1428   -10.2333   -13.1517    -4.7492  1  2    18.8557    12.7442
     341        8       17     0.1065    -0.1492    -0.2737    -9.2990   -16.1254    -0.4510  1  2    18.1135    12.6536
     342        8       17    -0.2787    -0.0030     0.4440    -0.6964   -25.2412    -1.8861  1  2    18.7759    12.5644
     343        8       17    -0.3097     0.1340     0.2431   -19.2730    -6.4928    -6.6387  1  2    19.7704    11.8001
     344        8       17    -0.2213     0.1083     0.2084    -8.2527    -1.3633    -4.6638  1  2    20.3149    12.2276
     345        8       17    -0.2473    -0.1052     0.1364    -2.4831   -27.3312    -2.5838  1  2    19.4410    12.1916
     346        8       17     0.0140    -0.1459    -0.3520    -2.9439   -15.8424    -6.5754  1  2    20.3597    12.8267
     347        8       17     0.1627    -0.1776     0.2868    -7.0931   -13.2534     0.1448  1  2    19.6653    12.1457
     348        8       17    -0.2774     0.1369     0.0490     1.6332   -20.8431     6.3085  1  2    19.3651    12.2285
     349        8       17    -0.2274    -0.0008    -0.3329     6.2776    -9.9054     3.7557  1  2    19.8201    12.2748
     350        8       17     0.0962    -0.1134    -0.3911    -7.2028   -20.5530     3.4424  1  2    19.0512    12.0457
     351        8       17    -0.0283    -0.1044     0.0869   -15.5775   -14.2942    -6.2796  1  2    17.8665    12.3901
     352        8       17    -0.4773     0.1060     0.0148   -10.1723   -29.8636    10.5274  1  2    18.8210    12.1928
     353        8       17    -0.3106     0.1288     0.2013    -3.9389   -12.7101     0.1592  1  2    19.5571    12.4480
     354        8       17    -0.3668     0.0650    -0.2818     1.4188   -27.2379    -0.7960  1  2    19.2564    12.6722
     355        8       17    -0.1140     0.1573    -0.0673    -5.2533    -0.0859    -5.7048  1  2    18.9584    12.6549
     356        8       17    -0.2842     0.0807    -0.5535    -7.2743   -21.8913     6.2609  1  2    18.5332    11.9539
     357        8       17    -0.3390    -0.0379    -0.3094    -7.6928   -14.6337     5.0085  1  2    19.1231    11.9444
     358        8       17    -0.2852     0.0654     0.0773    -5.6062   -24.2490    -2.9863  1  2    18.9146    12.7040
     359        8       17    -0.5685     0.1039     0.4695    -9.4314   -15.2613    -4.6320  1  2    19.1221    12.3620
     360        8       17    -0.1862     0.1552     0.3609   -14.4183   -17.4240    -1.4267  1  2    18.1609    11.8598
     361        8       17    -0.3710    -0.0301     0.2233   -20.7829   -17.4276    -7.1760  1  2    19.5747    12.2666
     362        8       17    -0.1489     0.0107    -0.6079     4.5517   -14.2087    -3.1419  1  2    18.3544    12.6263
     363        8       17    -0.3756    -0.0801    -0.2198   -21.0840   -16.5074    -1.3241  1  2    18.6524    12.1089
     364        8       17    -0.0630    -0.0540    -0.0917    -4.2591   -17.7218    -2.9009  1  2    18.5400    12.9660
     365        8       17    -0.1499     0.1203     0.1994    -0.9021   -18.6372    -2.1010  1  2    19.6297    13.1156
     366        8       17     0.2329     0.0612     0.7775   -17.6369   -17.1929     5.2571  1  2    18.8395    12.1195
     367        8       17    -0.5015     0.0147     0.1929   -13.8752    -7.3342     1.0837  1  2    19.8818    12.6681
     368        8       17    -0.4131    -0.0254    -0.0082    -1.4755   -28.0532     3.7577  1  2    20.6871    12.4615
     369        8       17     0.4135    -0.1890     0.0925     4.0324    -6.6579     2.9971  1  2    20.0387    12.1987
     370        8       17     0.2254    -0.0961    -0.2439    -3.5022   -19.9384     4.2394  1  2    19.6908    12.0469
     371        8       17     0.2191     0.2576     0.1062   -16.2155    -3.5269    16.1903  1  1    19.7115    11.6173
     372        8       17     0.1954     0.0589    -0.1152   -25.1660    -4.6668     1.0210  1  2    19.6218    11.7256
     373        8       17    -0.2448    -0.0392     0.6641   -17.1530    -3.7154     5.0034  1  2    19.7555    11.4305
     374        8       17    -0.0489    -0.0299    -0.5249     1.3289   -12.9292     4.3731  1  2    19.1284    12.2021
     375        8       17     0.1459    -0.0997     0.4233   -13.1848   -23.7780     3.9612  1  2    19.1945    12.0876
     376        8       17    -0.2399    -0.1739    -0.1264   -10.5812   -27.5398    -0.4305  1  2    20.6961    12.3831
     377        8       17    -0.2135    -0.0691    -1.0437    22.4032    -9.7999    10.0228  1  2    18.7748    11.6095
     378        8       17    -0.3458    -0.0808    -0.5094     7.4745   -22.4855    -1.6404  1  2    19.2546    12.0907
     379        8       17     0.1365    -0.1217     0.5660   -10.8244   -12.1701     0.0525  1  2    18.8229    11.3291
     380        8       17    -0.2274     0.0709     0.3806   -15.1845    -0.0004     0.6987  1  2    19.9420    11.9758
     381        8       17    -0.2758     0.3587    -0.1156   -13.3043   -16.8235    -4.9514  1  2    19.2629    12.7194
     382        8       17     0.0082     0.2494     0.2172   -21.7674   -19.3508    -5.3878  1  2    18.8300    12.3187
     383        8       17    -0.2850    -0.0120     0.4702    -9.0027   -10.6827     2.6073  1  2    19.2230    12.2109
     384        8       17    -0.5260     0.3321    -0.5362    -1.1586    -3.8107    -8.8455  1  2    19.6398    13.2325
     385        8       17     0.1713     0.1101     0.4042   -25.4960    -7.2218     1.0756  1  2    18.9314    11.4047
     386        8       17    -0.2854    -0.0049    -0.7846    12.6136   -13.8006    -3.6789  1  2    19.9951    12.0103
     387        8       17    -0.3874    -0.0070     0.0657   -20.1306   -11.0928     3.2935  1  2    19.4855    11.8767
     388        8       17    -0.1529     0.0707    -0.8535    14.0211   -10.1731    -2.2780  1  2    20.4074    12.6439
     389        8       17    -0.1249     0.0418     0.4435    10.3194   -28.9309     7.7067  1  1    21.3115    12.8317
     390        8       17    -0.4918     0.2591    -0.0882     3.0384   -31.2586     5.5201  1  2    20.3205    12.5130
     391        8       17     0.2504    -0.0007     0.0623     3.4930   -18.6575     0.7407  1  2    19.6070    12.5991
     392        8       17     0.3234     0.0214     0.1777    -0.0815    -1.0234    -1.3324  1  2    19.8606    11.9583
     393        8       17     0.1549     0.0755     0.5459   -10.9585    -6.7521    -4.9139  1  2    20.2925    12.1749
     394        8       17    -0.1568     0.0589     0.2259   -19.5979    -0.1081    -9.0187  1  2    19.9961    12.4688
     395        8       17     0.4105    -0.0042    -0.6218   -13.0280   -12.0197     2.8070  1  2    19.4350    12.0459
     396        8       17    -0.5113    -0.0858    -0.1649    -5.2049   -13.2885    -2.5706  1  2    20.0404    12.1900
     397        8       17    -0.2293     0.0507    -0.4134    -0.9669   -18.6758    -2.4531  1  2    20.0768    11.8667
     398        8       17     0.1371     0.0951     0.1820   -10.4752   -19.5005     9.1019  1  2    19.4077    12.6205
     399        8       17     0.0626    -0.1098    -0.7431     4.5610    -5.5250     2.0295  1  2    18.3625    11.8482
     400        8       17     0.5424    -0.2124     0.1582    -3.8928   -25.0129     2.4187  1  2    18.3524    11.7085
     401        8       17    -0.2595     0.1801    -0.4482    -0.9043   -15.1472    -0.7902  1  2    20.2903    12.6749
     402        8       17    -0.6854    -0.0955     0.6261   -22.4430    -5.8410    -7.4757  1  2    19.4339    11.9734
     403        8       17    -0.1565     0.3121     0.7776    -7.0094    -7.5998     0.8866  1  2    20.2917    11.9157
     404        8       17    -0.4010     0.0870    -0.4958     8.3340    -9.5619    -7.3967  1  2    19.6105    12.6765
     405        8       17    -0.2862    -0.0098    -0.0089    -1.5398    -8.8688    -0.2767  1  2    19.3022    12.0971
     406        8       17     0.1993     0.0266    -0.1262    -9.7246   -13.8629    -3.8697  1  2    20.5464    12.6401
     407        8       17     0.1490     0.1724    -0.1792    -5.6385   -23.1554     2.0874  1  2    20.3257    12.3619
     408        8       17     0.0749     0.0361    -0.2218   -13.5153   -11.4040     6.8151  1  2    19.6504    12.1923
     409        8       17     0.2956    -0.0216    -0.4281     5.1181   -14.6893     5.5683  1  2    19.1372    12.0654
     410        8       17    -0.3443    -0.0206    -0.2212    -3.1565   -15.3207    -6.7379  1  2    18.4901    12.5533
     411        8       17     0.5363    -0.2019    -0.2280    -5.3700   -24.4366     6.0987  1  2    18.9164    11.9523
     412        8       17     0.0465    -0.2145    -0.6512   -18.8770   -24.4342     2.1984  1  2    18.6209    12.5697
     413        8       17    -0.4658     0.1141    -0.5576     2.7800   -10.1996    11.0269  1  2    19.2481    11.2729
     414        8       17    -0.4340     0.1154    -0.0942   -18.3578    -7.5138     9.2861  1  2    19.4445    11.1697
     415        8       17    -0.0996    -0.1059    -0.6068     9.9806   -26.4286     4.0214  1  2    19.3839    12.5788
     416        8       17    -0.0948     0.0038    -0.2658     5.3309   -26.0142     4.0621  1  2    20.7126    12.6073
     417        8       17    -0.6230    -0.0712    -0.2338     5.2111   -27.5851     1.9313  1  2    20.4738    12.6253
     418        8       17    -0.1333     0.0214     0.0364    -3.3165    -0.0852    -5.9141  1  2    19.5906    11.9708
     419        8       17    -0.3076    -0.1335     1.0125   -14.6386   -22.7252    -3.3018  1  2    20.3694    12.0305
     420        8       17     0.2217    -0.0851     0.3764   -25.3141   -15.1214     6.6272  1  2    19.9678    11.5018
     421        8       17     0.1415    -0.0222     0.7698    -1.7620    13.3215     9.1113  1  2    19.4714    11.2274
     422        8       17     0.0449     0.1509     0.1112    -4.4580    -8.9915     9.1933  1  2    19.4658    11.8788
     423        8       17     0.0952     0.0799    -0.0412   -21.4072    -0.8956     4.8357  1  2    18.5674    11.7467
     424        8       17    -0.0825     0.1201    -0.1190    -9.7069   -14.6721     8.8895  1  2    19.3945    12.1317
     425        8       17     0.3229     0.0338     0.0345   -35.8498   -23.3442    -4.0532  1  2    18.7714    11.7634
     426        8       17     0.2802    -0.1765    -0.0469    -8.9547   -28.2830    -4.7139  1  2    18.9033    12.5682
     427        8       17    -0.3284    -0.0886    -0.2349    -8.2854   -14.7117     3.8374  1  2    19.8582    11.9389
     428        8       17    -0.4293    -0.0145    -0.4484    -4.4894   -11.8375     8.2664  1  2    19.0984    11.5240
     429        8       17    -0.2996     0.0545     0.6379   -24.7583   -18.6747    -2.3975  1  2    20.0777    12.5729
     430        8       17    -0.4668    -0.0130    -0.3827    -2.2352   -21.4022     2.2601  1  2    20.2079    12.0350
     431        8       17    -0.1575    -0.0404    -0.5579    -1.1468   -15.2870    -1.9758  1  2    18.7602    11.7251
     432        8       17     0.1011    -0.0278     0.3349   -26.4299   -12.6282     6.4386  1  2    19.0468    11.5583
     433        8       17    -0.1971    -0.0265    -0.1056   -13.6376   -14.1533     4.4251  1  2    20.0939    11.9853
     434        8       17     0.1109    -0.1698    -0.6188   -11.5553    -0.1416    -2.9184  1  2    19.6061    11.2609
     435        8       17     0.0954    -0.0647    -0.3879    -8.5336   -13.0696    10.1175  1  2    19.9778    11.8905
     436        8       17    -0.0034    -0.0677     0.0288   -21.5785    -4.8062     0.6505  1  2    19.2786    11.8049
     437        8       17    -0.2066    -0.0977    -0.0467   -14.8214   -27.2253    -3.8052  1  2    20.1689    12.3875
     438        8       17    -0.4650    -0.0456    -0.2501    -2.4737   -19.6420    -1.6788  1  2    19.7703    11.9409
     439        8       17     0.1270    -0.2214     0.0702   -11.1336   -17.8323    -0.5664  1  2    20.6380    12.7324
     440        8       17    -0.7123    -0.0689    -0.3953    -2.5276   -16.3748    -6.5953  1  2    20.0356    12.7149
     441        8       17     0.0570     0.0178    -0.2794     4.1297   -12.0806    -5.7942  1  2    19.2330    12.6440
     442        8       17    -0.3657     0.0179    -0.2390     0.0845   -10.6699    -2.0647  1  2    20.5144    12.1021
     443        8       17    -0.1613     0.1788    -0.1676    -7.2068   -15.3737    -2.0372  1  2    20.9501    12.5538
     444        8       17    -0.5684    -0.1101    -0.3443     0.7373   -10.6499    -2.0398  1  2    18.9700    12.2479
     445        8       17     0.1232    -0.0423    -0.5191     5.1615   -13.6156     2.1840  1  2    19.1397    12.4357
     446        8       17    -0.2436     0.0239    -0.1882     1.7047   -15.8269     3.5556  1  2    19.3710    12.2362
     447        8       17    -0.2486     0.1066    -0.4406     0.4370   -17.8941    -0.7627  1  2    19.2488    12.5059
     448        8       17     0.1247     0.2599    -0.1335    21.2773   -19.1080    16.2145  1  1    18.7203    12.0881
     449        8       17    -0.2229    -0.0545    -0.0235    -7.3638   -14.9407    -3.4698  1  2    19.8113    12.0822
     450        8       17     0.0820     0.0543    -0.5676    -9.6890   -14.0785     3.3249  1  2    17.8599    12.2585
     451        8       17    -0.1561     0.0767     0.7116   -24.9477   -21.8076     9.2219  1  2    19.4632    11.7477
     452        8       17    -0.5688     0.1813    -0.5981    -5.4613   -11.5061     4.1802  1  2    19.1960    12.6959
     453        8       17    -0.1885     0.1244     0.1894    -0.7896   -17.7431    -3.0744  1  2    19.5492    12.6464
     454        8       17    -0.0974    -0.2104    -0.8210   -13.0868   -17.0850     5.0599  1  2    18.2836    12.1338
     455        8       17     0.4370    -0.0834     0.2175    -3.8477    -4.9981    -6.8181  1  2    19.0287    12.3585
     456        8       17    -0.2648    -0.0409     0.0633     4.4021   -20.1138     4.9829  1  2    20.0737    12.8801
     457        8       17    -0.2520    -0.0483     0.2664   -13.5299   -11.6034    -0.1312  1  2    19.0362    11.8436
     458        8       17    -0.0191    -0.1708    -0.4298   -12.5455   -21.5295     4.8515  1  2    18.7379    12.0576
     459        8       17    -0.1969     0.0052     0.4938   -10.3920   -12.6121    -3.9831  1  2    20.0459    13.0601
     460        8       17    -0.6574    -0.0536    -0.9494     0.4499   -11.9015    -1.8926  1  2    19.5395    12.3786
     461        8       17     0.0629    -0.0474     0.0798   -10.6894   -12.9472     0.8982  1  2    19.9301    12.1521
     462        8       17    -0.4937    -0.1074     0.2852     3.4465   -13.7745    -1.1857  1  2    20.5553    12.5875
     463        8       17    -0.4209     0.0069    -0.9184     8.4114   -15.0146   -10.9210  1  2    20.6603    12.8056
     464        8       17     0.2581     0.1703     0.3312   -19.4514    -8.5657    10.2584  1  2    19.8622    11.9395
     465        8       17    -0.3041     0.0256     0.2299    -6.8041    -6.8583     3.8529  1  2    20.2198    11.8596
     466        8       17    -0.1325    -0.1366     0.3706   -17.1105     6.3307    -0.4968  1  2    19.3466    11.2340
     467        8       17    -0.0467     0.1480    -0.3493    10.5529   -14.9398    -6.7515  1  2    19.5232    12.2558
     468        8       17    -0.0710     0.1233    -0.2291    -8.0858   -24.1322    -4.3449  1  2    20.5128    12.6373
     469        8       17    -0.2748     0.2595    -0.7729     3.7563   -14.3175    24.0784  1  1    19.0570    11.6463
     470        8       17    -0.1619     0.3457    -0.1620     2.8483   -18.1158    12.4289  1  1    19.6957    12.8662
     471        8       17     0.1922     0.0476    -0.1757   -17.0280   -12.5884     0.5360  1  2    19.6917    11.9964
     472        8       17    -0.2587     0.1892     0.0449   -18.6930   -13.1980    -0.8136  1  2    19.9903    12.0701
     473        8       17     0.4036    -0.0969     0.0788    -9.2657   -25.4165    -3.8638  1  2    18.9157    12.2849
     474        8       17    -0.4263     0.1253    -0.2524   -13.7079   -10.9507    -5.4212  1  2    18.8612    12.1565
     475        8       17    -0.1127    -0.0099    -0.7954     1.6626   -16.4208    -3.7349  1  2    20.3973    12.4853
     476        8       17    -0.5830     0.0138    -0.5329     0.0883   -18.3756    -0.8276  1  2    20.4498    11.6819
     477        8       17    -0.1144     0.0067     0.5600   -15.4445   -13.2611     1.1659  1  2    20.7562    12.0736
     478        8       17    -0.4130    -0.0792     0.0913     1.1415   -13.2344    -0.3584  1  2    19.7898    12.0625
     479        8       17    -0.1290    -0.0043    -0.1898    -2.8114   -20.9093    -1.4485  1  2    19.2227    12.5080
     480        8       17    -0.0913    -0.0590    -0.2931     4.7833   -29.8371    -0.9570  1  2    17.8250    12.3225
     481        8       17    -0.1983     0.1103    -0.2773    -8.0241   -10.0355     0.6183  1  2    19.2092    12.3129
     482        8       17    -0.1862     0.0870    -0.6805    -6.9466    -8.2759    12.9051  1  2    19.3298    12.1472
     483        8       17    -0.2595     0.3836    -1.0207    14.9789   -19.6306   -10.6810  1  2    19.6925    13.0590
     484        8       17     0.1518     0.1385     0.3951   -26.6733   -19.4579    -3.3895  1  2    18.4023    12.3417
     485        8       17    -0.1013     0.0315    -0.3122     6.1735   -11.4680    -3.5254  1  2    18.1158    12.3984
     486        8       17    -0.7754    -0.0053    -0.0692    -5.2371   -19.4731     0.4405  1  2    19.0080    12.7341
     487        8       17     0.1009     0.1876    -0.3996     7.2767   -25.8278     4.2080  1  2    19.0526    12.3548
     488        8       17    -0.0047    -0.0710     0.1233   -12.5678    -9.9267    -2.6267  1  2    19.4273    12.7923
     489        8       17    -0.2168     0.0204    -0.0159     2.5045   -20.3125     3.8270  1  2    19.1041    12.3547
     490        8       17    -0.0171    -0.0387    -0.4617    -1.4244   -15.8499    -4.0171  1  2    18.8825    12.6454
     491        8       17    -0.1999     0.0086    -0.1389     1.2457   -16.7208    -3.5438  1  2    18.9860    12.6791
     492        8       17    -0.1609    -0.0304     0.0275    -0.0682    -6.2586    10.3419  1  2    18.5491    11.4101
     493        8       17     0.0285    -0.0739     0.6093   -22.7725   -13.9011    -5.0994  1  2    18.8590    12.4671
     494        8       17    -0.2761     0.1418    -0.8661     7.4473   -14.6563    -1.9273  1  2    19.4331    12.5053
     495        8       17     0.1845     0.0727     0.2372   -17.8007   -10.6916    13.7347  1  1    18.7939    11.7050
     496        8       17     0.2136     0.2153     0.0162   -13.0733   -15.6923    14.8592  1  1    17.9331    11.8886
     497        8       17     0.0819     0.0002    -0.3134    -3.1657   -21.6887    -3.5789  1  2    19.8504    12.5731
     498        8       17    -0.4961    -0.0141     0.0180   -10.6614    -9.5183     3.1469  1  2    19.2135    12.2114
     499        8       17     0.1814     0.0080     0.2229    -6.4852    -7.8216     1.1332  1  2    18.6896    11.2620
     500        8       17    -0.8609    -0.1923    -0.5726    -5.4444   -18.2325     0.5876  1  2    19.0688    11.7174
