       1        5       20     0.1706    -0.0862    -0.2830     2.6787   -21.2304    -7.3020  1  2    19.7293    12.3188
       2        5       20    -0.0687    -0.0153    -0.2018    12.0931    -2.2328    -5.5321  1  2    19.7393    12.1477
       3        5       20     0.4322    -0.0637     0.2876     7.2939   -12.8532     0.1535  1  2    20.3813    12.5878
       4        5       20     0.2258    -0.0957    -0.4674    11.7535   -24.0178    -5.8962  1  2    17.9367    12.9898
       5        5       20     0.1284     0.0315    -0.3056     8.0682    -6.4044    -2.4296  1  2    19.2417    12.6417
       6        5       20     0.1932    -0.0056    -0.5702     1.2083   -23.6980     7.9942  1  2    19.4326    12.1481
       7        5       20     0.0697     0.1034    -0.4404     1.4580   -17.7469    -6.5308  1  2    18.9697    12.3675
       8        5       20     0.6961     0.1206     0.3302    15.4870   -22.4851    -4.0050  1  2    18.9874    12.5017
       9        5       20     0.0475     0.2130    -0.1965    -0.3074   -27.7618    -9.5005  1  2    18.0302    13.0859
      10        5       20     0.5658     0.2497     0.6518    17.0315    -7.3830   -10.5432  1  2    18.4055    12.9170
      11        5       20    -0.2484    -0.0225    -0.1223    -5.2380   -16.0487     4.3955  1  2    18.4558    12.0536
      12        5       20     0.0932    -0.1308     0.3870    15.6039   -21.2818    -7.5646  1  2    18.6179    12.7006
      13        5       20     0.1066     0.0139     0.0000     3.3000   -12.4677     0.5899  1  2    18.4125    12.1963
      14        5       20     0.2579     0.0127    -0.3148    -0.9057   -13.4096    -2.7044  1  2    18.9278    12.2918
      15        5       20     0.4656     0.0726     0.0912     7.9434   -20.0851    -3.2906  1  2    19.7237    13.0739
      16        5       20     0.5435     0.1265    -0.0983     7.1558   -11.1439    -7.6517  1  2    18.9724    12.9981
      17        5       20     0.2565     0.0123    -0.0845     3.9794   -18.8685    -0.8194  1  2    19.3559    12.3539
      18        5       20     0.1578     0.0566    -0.6369    -8.3755   -19.6859     0.5117  1  2    19.2970    13.1339
      19        5       20     0.2261     0.1483    -0.3545   -20.5010    -5.6574     6.2372  1  2    20.0661    11.8389
      20        5       20     0.0040    -0.2308     0.4986    -6.8185    -9.1354    -6.3572  1  2    19.2628    12.6791
      21        5       20     0.2110     0.0585    -0.1434     5.1764   -22.8299     2.1700  1  2    19.1096    12.6590
      22        5       20     0.1083     0.0418     0.6768    10.9646   -26.4531    -7.3764  1  2    18.2505    12.9034
      23        5       20    -0.4228    -0.0111     0.1962    -1.8727   -13.4171    10.0958  1  2    18.4614    11.8758
      24        5       20    -0.0479    -0.0350    -0.1386    10.7042   -10.7992     5.4343  1  2    18.8045    11.9382
      25        5       20     0.5475    -0.0144    -0.7430     2.8509   -12.5702     1.7724  1  2    19.9924    12.3612
      26        5       20    -0.2117    -0.1382    -0.4365     5.8816    -8.3131     4.0442  1  2    19.6049    12.2223
      27        5       20     0.1394    -0.0663     0.5061    23.0440   -13.4081    -3.2474  1  2    20.0848    12.6084
      28        5       20     0.5630     0.0544     0.2957     5.8622    -9.1064    -4.9046  1  2    20.4987    12.6265
      29        5       20     0.0586     0.1355    -0.4554     8.4523   -29.3465   -10.2504  1  2    18.8613    12.7162
      30        5       20     0.0154    -0.1624    -0.0447    12.5299    -2.9116     2.8367  1  2    18.8140    11.9880
      31        5       20     0.2406     0.1096    -0.2105    -1.6712   -19.1978    -4.8778  1  2    20.3660    12.9615
      32        5       20     0.0247    -0.0772    -0.2076   -14.3119    -7.0726     1.6479  1  2    20.3575    12.2191
      33        5       20    -0.0425    -0.1137    -0.4380    -0.5060   -21.2161     6.3749  1  2    19.1586    12.0697
      34        5       20    -0.3569    -0.0704    -0.3021     8.7073   -15.7518     2.4495  1  2    19.0740    12.0763
      35        5       20     0.0769    -0.0812    -0.5254     0.4977   -23.2168     3.4108  1  2    18.9452    12.7094
      36        5       20     0.2955     0.0005     0.2217     0.3740    -6.9683    -3.9223  1  2    19.9202    12.6877
      37        5       20     0.1256     0.2101    -0.2137    -3.6409   -20.4927    12.3406  1  2    20.6126    12.4987
      38        5       20     0.0434     0.0697     0.1647    17.9395   -17.6209     7.5249  1  2    19.5966    12.0942
      39        5       20     0.3870     0.0710     0.4053    26.5060   -27.7240     3.6787  1  2    18.5108    11.8432
      40        5       20    -0.4273     0.0643    -0.3357     4.3135   -18.2466     8.8398  1  2    19.2193    12.1283
      41        5       20     0.2078    -0.1460    -0.6061     2.4121   -25.5542     4.7913  1  2    18.6737    11.9659
      42        5       20    -0.1102    -0.2340    -1.1587   -14.3160   -33.3376    -0.3852  1  2    17.5869    12.4344
      43        5       20     0.2906    -0.0198     0.1342     8.3033   -12.2581     4.7233  1  2    17.9878    11.3392
      44        5       20    -0.0437    -0.1436    -0.3368    20.0934   -15.1255     1.7775  1  2    18.7103    11.6640
      45        5       20     0.3994     0.2168     0.6671    22.3172   -19.4743   -10.5315  1  2    18.5997    12.5631
      46        5       20     0.2700    -0.2291    -0.3742     7.4709    -9.8365    -3.6382  1  2    18.7910    12.2773
      47        5       20     0.2068     0.0617    -0.1491     1.2886   -13.1802     0.5117  1  2    18.6536    12.4906
      48        5       20     0.2208    -0.0828     0.0914    14.2033   -11.9059     0.5032  1  2    18.4775    11.5428
      49        5       20     0.2529     0.2899    -0.5196   -16.0265   -26.3237    -6.7053  1  2    19.1086    13.0848
      50        5       20     0.5003    -0.1712     0.1294    12.9408   -14.6557     0.1631  1  2    17.4614    11.3209
      51        5       20     0.1990     0.1231     0.4480    10.9269    -4.3585    -0.0817  1  2    18.9085    12.3012
      52        5       20     0.2211     0.1842     0.0280    16.9262   -17.6525    -4.8725  1  2    20.0231    12.2137
      53        5       20     0.4090     0.1801    -0.1184    -5.2197   -12.6660    -9.2241  1  2    20.0657    12.5492
      54        5       20    -0.2142    -0.1335    -0.1711    15.4975   -13.2849    -5.1649  1  2    18.7741    12.0566
      55        5       20     0.5139     0.0171     0.4907     0.1229   -13.5524    -7.3380  1  2    18.5871    12.5103
      56        5       20    -0.0151     0.1141     0.9590    33.3229   -21.4232    -5.4497  1  2    20.0101    12.6509
      57        5       20    -0.4229    -0.0488     0.3451    21.8570   -21.5659    -5.2846  1  2    18.2495    12.6988
      58        5       20    -0.0047    -0.0302     1.0169    35.4412   -22.8679     5.8970  1  2    18.7788    11.3732
      59        5       20     0.4549    -0.0324     0.1071    14.8818   -15.1025    -3.6927  1  2    19.8155    11.9124
      60        5       20    -0.0700    -0.0446    -0.1699     7.4999   -14.7033     6.2410  1  2    19.7833    12.2046
      61        5       20     0.3155     0.0356    -0.1537     7.6207    -7.5714    -1.1556  1  2    20.0428    11.9452
      62        5       20     0.4813     0.2497    -0.3938   -29.0868   -11.9411     1.4773  1  2    19.9495    11.6574
      63        5       20     0.3670    -0.0551     0.1316     5.9834    -4.4343     0.4545  1  2    19.9284    12.4490
      64        5       20     0.1919    -0.1247    -0.6354    -1.0492    -3.6120    -5.3916  1  2    17.0131    12.3939
      65        5       20    -0.2025    -0.0224    -0.2693     1.1693   -10.0582    -0.2484  1  2    20.2165    12.5488
      66        5       20    -0.0803     0.0197    -0.2508   -12.2766   -26.6361     1.2991  1  2    19.1360    12.3038
      67        5       20     0.3673     0.0398     0.0430    18.5834   -15.3132     1.6107  1  2    17.7793    11.8079
      68        5       20     0.4675    -0.0931     0.1311    10.7150   -14.8034    -7.5801  1  2    19.1734    12.6178
      69        5       20     0.1075    -0.0685     0.2335     5.2953   -16.5297    -3.9037  1  2    19.9358    12.2201
      70        5       20     0.2575    -0.0667    -0.4438    13.2853   -13.7233    -1.9980  1  2    19.2295    12.0446
      71        5       20     0.0342    -0.1079     0.0975    -5.4396   -20.4593    -1.9373  1  2    19.5044    12.5998
      72        5       20     0.7713     0.0572     0.1448    10.6355   -14.6502    -5.0956  1  2    18.6585    12.6494
      73        5       20     0.5103     0.1058     0.3688    24.2868   -11.9725     8.1445  1  2    18.7566    11.6620
      74        5       20     0.3896     0.0419    -0.0655    22.1343    -4.2971     1.1579  1  2    19.3185    12.2645
      75        5       20     0.1242    -0.0170     0.0408     7.4256   -23.4492     0.4014  1  2    18.0372    12.2538
      76        5       20     0.0928     0.1340     0.2517    17.2897   -11.5017     3.3842  1  2    19.9192    12.4392
      77        5       20    -0.3921     0.0451    -0.6284    -7.1621   -11.0014    17.1418  1  2    18.3432    11.3196
      78        5       20     0.3849     0.2976     0.2379    24.3015    -4.9585     2.2807  1  2    18.8755    11.9583
      79        5       20     0.7301    -0.1907     0.2141     2.8842   -15.5527    -3.3111  1  2    18.6446    12.0694
      80        5       20     0.3346     0.0336     0.0601     8.2532   -15.9817    -5.7470  1  2    18.4702    12.1640
      81        5       20    -0.1257    -0.0798    -0.5769     2.7803   -22.8141     7.6884  1  2    17.9493    11.7816
      82        5       20     0.6168     0.0040     0.0038    -2.7374   -15.3460    -1.2992  1  2    20.1247    12.7216
      83        5       20     0.5195     0.0659    -0.0219    -2.3349     1.1742    -4.2475  1  2    18.9539    11.7468
      84        5       20     0.1844     0.0634     0.2858    -7.9131    13.9277    -8.4957  1  2    19.8544    12.0156
      85        5       20     0.1708     0.1461    -0.2432    -2.7523   -10.9600     4.7933  1  2    20.1719    12.2460
      86        5       20     0.4941    -0.0271    -0.0149    17.3855    -9.8833    10.8640  1  2    19.1347    10.9184
      87        5       20     0.3791    -0.1414     0.1912    11.7076   -12.8999     2.2758  1  2    18.8339    11.4987
      88        5       20     0.1080    -0.0672    -0.7061    -1.6997   -19.2308    -1.0665  1  2    20.0135    12.2415
      89        5       20     0.4389     0.0570    -0.2321    27.2288   -10.3480    13.5122  1  2    18.8403    11.3800
      90        5       20     0.3325    -0.1323    -0.7626     3.1154    -9.7167     4.2035  1  2    19.4393    11.7173
      91        5       20     0.5331     0.0061    -0.2772     5.8585   -11.8202     0.6084  1  2    19.6114    12.5522
      92        5       20     0.1770     0.0180     0.2231     1.6381    -6.3736     5.4679  1  2    20.3277    12.2029
      93        5       20     0.5094     0.0451     0.3667    10.1915   -10.6716     7.7240  1  2    19.5093    11.7383
      94        5       20    -0.4034     0.3230     0.2265     7.9379    -9.1589    20.7299  1  1    18.7308    10.5353
      95        5       20    -0.2741     0.0089     0.1351    16.9226   -10.8673    10.6599  1  2    19.2785    11.8230
      96        5       20    -0.2530    -0.0133     0.1263     5.5467    -6.4380     6.9388  1  2    20.2498    12.0536
      97        5       20     0.6160    -0.0713     0.2681     1.6451    -7.8187    -7.4388  1  2    20.7693    12.3331
      98        5       20     0.0951    -0.0247    -0.3413     2.6036   -18.1957     8.5873  1  2    18.7268    11.5843
      99        5       20     0.4354     0.1610    -0.3459     1.2014   -22.5642    -7.5332  1  2    18.6395    12.7970
     100        5       20     0.0593    -0.2212    -0.3566     1.8519   -13.0236     3.9563  1  2    19.5383    12.5972
     101        5       20    -0.2925    -0.0530     0.1001   -12.1273   -21.8002     7.3922  1  2    20.4545    12.5392
     102        5       20     0.6110     0.1210     0.0681    -2.6301    -7.8866     3.4734  1  2    19.9009    12.0879
     103        5       20    -0.0404     0.0663    -0.1618    -9.3868   -14.9831    -0.6397  1  2    20.3584    12.5516
     104        5       20     0.6747     0.1739    -0.7738   -29.9317    -9.0029    -0.7641  1  2    19.0494    12.4332
     105        5       20    -0.0977     0.0432    -0.6450    -4.9840   -20.5289     2.2914  1  2    19.8761    12.7903
     106        5       20     0.2548     0.2487    -0.4442     6.1696   -27.2145    -0.9996  1  2    19.7147    12.5015
     107        5       20     0.2117    -0.1062    -0.6107     7.6177   -10.8546    -1.9501  1  2    18.6711    12.8664
     108        5       20     0.1448     0.3410    -0.0438    -5.7400   -24.9753    17.4665  1  1    20.0557    11.8974
     109        5       20     0.1443    -0.0379     0.0427     4.7286    -5.5004    -3.2207  1  2    19.2651    12.0167
     110        5       20    -0.1042     0.2519     0.1921    13.8910   -12.7283    14.9545  1  1    18.9710    10.6851
     111        5       20     0.2360     0.1655    -0.7510    -0.2993    -0.9479    -4.7574  1  2    20.3057    12.3100
     112        5       20     0.3087     0.3279     0.2047    17.8419   -14.3914    -5.6476  1  2    21.1295    12.7316
     113        5       20     0.0703    -0.0974    -0.5266     4.7276   -19.0354    -2.5291  1  2    19.9612    12.1594
     114        5       20     0.1186    -0.0601    -0.1407    -2.3285   -25.6961     6.0167  1  2    20.1835    12.4886
     115        5       20    -0.1884     0.0459     0.1679    17.4111    -7.7420    13.0060  1  2    19.6611    11.9791
     116        5       20     0.0382     0.0176     0.1334     9.1179   -22.4064    -4.6056  1  2    19.1324    12.6745
     117        5       20     0.5419    -0.1465    -0.8925   -10.8592   -12.4971    -2.5461  1  2    18.5836    12.5772
     118        5       20    -0.5220    -0.1587     0.8762    23.2653   -11.4075     4.4970  1  2    18.8897    11.6177
     119        5       20     0.2260     0.0415     0.4441    12.6923   -26.3039     1.2640  1  2    18.5820    12.2719
     120        5       20    -0.3292    -0.1051    -0.4346     9.9635   -16.2292     5.2855  1  2    18.9859    12.0020
     121        5       20     0.3732     0.0816    -0.1572    10.2907    -3.6237    -3.2020  1  2    19.3326    12.0224
     122        5       20     0.3364     0.0130    -0.2618    10.6150   -10.0513    -1.9968  1  2    19.3754    12.4455
     123        5       20     0.4609     0.1169    -0.1729    -7.0168   -17.9758    -7.4849  1  2    20.4132    12.7956
     124        5       20     0.1209     0.0757    -0.1846   -19.9197     3.3065     0.9407  1  2    20.2958    12.2418
     125        5       20     0.4377     0.1061    -0.2652    -9.0665   -10.0926    -1.0206  1  2    20.1884    12.4690
     126        5       20     0.5552     0.1171    -0.0207     0.9536   -25.8520    -6.7918  1  2    20.4155    12.2341
     127        5       20    -0.1029    -0.1479    -0.3498     7.1227   -17.4144     0.3871  1  2    19.7909    12.2897
     128        5       20     0.1932    -0.1255    -0.0132     0.8780   -34.0841    -3.6967  1  2    18.1699    12.5419
     129        5       20     0.2571     0.1260     0.4881    16.5643   -18.1179     4.9675  1  2    19.2053    12.2214
     130        5       20    -0.1093    -0.0874     0.2852     0.6118    -5.1393     1.6549  1  2    19.2205    11.9742
     131        5       20     0.3977     0.0825    -0.0416    -3.2658    -7.5017    -5.9298  1  2    18.3352    13.1122
     132        5       20     1.0863    -0.1022    -0.8790     6.6479   -16.9090     9.7187  1  2    18.2306    11.5815
     133        5       20     1.0640     0.0674    -0.8263    -7.4935   -11.9709    -6.7389  1  2    19.3854    12.6408
     134        5       20    -0.2369    -0.1584     0.7277     3.2698    -6.1376     6.5842  1  2    19.9468    11.7914
     135        5       20     0.1027    -0.0832    -0.9133   -13.9815    -6.2416     0.2288  1  2    19.8665    11.9719
     136        5       20     0.6435     0.2905    -0.2454    15.6644   -22.5083    -3.1375  1  2    19.3262    12.5950
     137        5       20     0.3866    -0.0830    -0.3413     5.1328   -23.2949    -3.2667  1  2    20.1500    12.3513
     138        5       20    -0.2596    -0.1729     0.0909     7.5870   -11.6432    -6.5968  1  2    19.9012    12.0167
     139        5       20     0.3842     0.0909    -0.1132     5.5743   -25.4229    -0.1443  1  2    20.8986    12.5004
     140        5       20     0.2190    -0.0049    -0.0589     5.0223   -10.7166     3.7801  1  2    19.7114    11.6392
     141        5       20     0.2544    -0.1625    -0.2934     5.1215   -16.5842     0.4087  1  2    20.0449    12.0225
     142        5       20    -0.1221    -0.2941    -0.9772    -4.5844   -19.2291     5.1725  1  2    19.7523    11.5556
     143        5       20    -0.1918    -0.0566    -0.2244    10.7866    -4.7246    -4.4272  1  2    20.0416    11.8951
     144        5       20     0.0101    -0.0648    -0.1700    10.5385   -11.1502     3.1626  1  2    18.9954    11.6114
     145        5       20    -0.1205     0.0462    -0.2264    -5.1635   -13.1743    10.4266  1  2    19.4962    11.6855
     146        5       20     0.1641     0.0573     0.0382    -6.7562     6.4338    -2.3656  1  2    18.6699    12.0683
     147        5       20     0.0678    -0.0167    -0.1490     7.4805     3.0540    -1.7284  1  2    17.7886    11.4825
     148        5       20     0.3446     0.0434    -0.0996    -5.5372   -16.4570    -3.3859  1  2    19.1520    12.0743
     149        5       20    -0.0577    -0.0711    -0.6413     8.5641   -17.0260    -3.0815  1  2    19.8137    12.4278
     150        5       20    -0.0046    -0.0464     0.1243     3.4041    -5.1083     0.1074  1  2    18.4765    12.0328
     151        5       20     0.1113     0.0479    -0.6322    -0.9290   -18.2565    10.0036  1  2    18.3578    11.6612
     152        5       20     0.4505     0.0534     0.0602   -11.4767   -20.5272     0.9606  1  2    17.8926    12.0236
     153        5       20    -0.0169     0.0602     0.7262    18.5238   -12.2833    -6.3869  1  2    18.9722    12.5805
     154        5       20     0.2745    -0.0902    -0.0150    -6.9474   -11.2633     0.6192  1  2    19.1014    12.1546
     155        5       20     0.0278     0.0031     0.2307    15.7165   -23.1550     3.4857  1  2    17.9487    11.8851
     156        5       20    -0.4357    -0.0257     0.0801     7.5927   -29.8219    -4.7129  1  2    18.7999    12.9104
     157        5       20    -0.0705     0.0903    -0.1054   -11.8375     2.0927    -8.5747  1  2    19.4471    12.0024
     158        5       20     0.8415     0.0657     0.0676    17.2201   -13.6384     0.4075  1  2    20.0445    11.8645
     159        5       20    -0.0350     0.0055    -0.0534    -4.3966    -7.1413     6.7601  1  2    19.7708    11.6166
     160        5       20     0.3252    -0.0006     0.2628    13.5311   -16.4691     0.7396  1  2    20.3459    12.3195
     161        5       20    -0.1705    -0.0501     0.2562    18.5838   -14.6692     1.1608  1  2    20.5832    12.1720
     162        5       20    -0.0319    -0.1767    -0.6427   -10.6117   -10.3570     1.5726  1  2    19.4231    12.0888
     163        5       20     0.4944     0.1483    -0.1360    -9.2923    -9.8242     0.6340  1  2    20.7473    13.1440
     164        5       20     0.3699    -0.0846    -0.3024    -5.8380    -7.2304     7.5356  1  2    18.5875    11.4744
     165        5       20     0.1233     0.1043     0.0382    11.3351   -22.6111    -1.2877  1  2    19.1329    12.2974
     166        5       20     0.1023     0.0532     0.2145    19.4555   -15.8482    -4.5064  1  2    18.9709    12.1312
     167        5       20    -0.0303     0.0848     0.2020     7.4922   -19.2665     4.1986  1  2    18.4997    11.8458
     168        5       20     0.0757    -0.1830    -0.5817     2.7047   -26.6305    -0.0223  1  2    18.5788    11.6439
     169        5       20     0.0921    -0.0288     0.6220    15.5006   -19.4083     9.4766  1  2    19.2297    12.1464
     170        5       20    -0.0853    -0.1420     0.4924    14.3547   -12.4085     5.3839  1  2    18.2892    11.6440
     171        5       20     0.1123     0.1316    -0.7683   -24.4594     0.3290    -1.7566  1  2    18.3102    12.2504
     172        5       20     0.1329     0.1062    -0.4555   -13.9914   -15.4079     4.7501  1  2    18.5503    12.2969
     173        5       20    -0.1105    -0.0750    -0.4201    -6.8258   -13.5277     3.5214  1  2    19.4110    12.0873
     174        5       20     0.2479    -0.0127     0.1533    25.5035   -20.1817     3.8146  1  2    18.5658    11.6059
     175        5       20     0.3323     0.0310    -0.2139     8.4609   -17.6618     6.0792  1  2    19.6141    11.7190
     176        5       20    -0.0212     0.0440    -0.7661    -4.3251   -20.3653     2.5367  1  2    19.6523    12.2420
     177        5       20     0.2202     0.1052    -0.8397     6.9931   -21.9508     0.0948  1  2    19.3179    12.2408
     178        5       20    -0.0729    -0.0645    -0.2737     1.3581    -6.6691     1.5520  1  2    20.0277    11.6629
     179        5       20    -0.0729     0.0877     0.3693    19.2214   -20.3972     3.7636  1  2    20.4468    12.2674
     180        5       20     0.1354    -0.0514    -0.2393    -7.3322   -13.1141     6.3496  1  2    20.7428    12.5070
     181        5       20     0.1734     0.0337    -0.5991     4.2925    -8.1621    -5.6167  1  2    18.4503    12.6085
     182        5       20     0.1888     0.0102    -0.1184     9.8108   -14.4626     0.6129  1  2    19.6844    12.1676
     183        5       20     0.4396     0.1064    -0.0011    11.1625    -7.9101    -5.5576  1  2    20.1055    12.0810
     184        5       20    -0.1352    -0.0733    -0.1553    12.4780   -21.2626     8.1885  1  2    19.2429    11.7389
     185        5       20     0.0010     0.2223    -0.1261    -0.2861   -23.9500    18.7049  1  1    19.1391    11.6703
     186        5       20     0.1826    -0.0015     0.0671    -2.6044   -20.9089    -4.0970  1  2    20.4162    12.8864
     187        5       20     0.2436    -0.0096    -0.6393   -21.9057   -14.4392    -6.0392  1  2    20.4490    12.3443
     188        5       20    -0.3263     0.0788     0.0917     3.5779   -12.2106     7.2828  1  2    19.2543    12.1953
     189        5       20     0.1542    -0.0968    -0.0021    23.2575   -18.5551     8.4255  1  2    19.9173    11.7821
     190        5       20     0.4115     0.0202    -0.0570     7.1937   -12.1428     0.3464  1  2    19.9281    12.0186
     191        5       20     0.2520     0.1325     0.2288    25.6905    -4.6889    -0.1352  1  2    20.2761    11.7992
     192        5       20    -0.0605    -0.1994    -0.6955     6.3338   -26.7325    -1.4253  1  2    19.8951    12.3876
     193        5       20     0.0107     0.0036     0.3374     7.6225   -14.0040    -0.8483  1  2    19.7638    12.4847
     194        5       20    -0.2593    -0.1252    -0.0508    -0.6912    -6.5972    -4.2832  1  2    19.1611    12.7357
     195        5       20     0.2623    -0.0303    -0.2462     5.6332   -20.6171     3.0268  1  2    19.3294    12.8714
     196        5       20     0.3923    -0.1386     0.2193     8.3947   -18.8295    -5.5856  1  2    18.6265    12.4917
     197        5       20     0.6477     0.1687     0.4453    15.0116   -10.1356    -8.9122  1  2    19.3754    13.0290
     198        5       20     0.4259     0.2518     0.1960    -6.0707   -20.9303     4.8023  1  2    20.2088    12.4164
     199        5       20     0.2519     0.1338    -0.1370    -2.2767   -16.7832    -0.4117  1  2    19.6359    12.1535
     200        5       20    -0.0183    -0.0488    -0.3678     9.3362   -25.2199     5.8369  1  2    18.6569    11.7300
     201        5       20     0.3255     0.1742     0.1687     8.1899   -12.0265     5.0098  1  2    18.7904    12.2475
     202        5       20    -0.0350     0.1655     0.4145    10.2426   -15.9793     3.3404  1  2    19.1092    12.3799
     203        5       20    -0.1897     0.0109    -0.0667    -4.5006    -0.2177    -3.9230  1  2    18.3083    12.4064
     204        5       20     0.0666    -0.0682    -0.4276    15.1296   -14.2132     7.3381  1  2    19.8125    11.6803
     205        5       20     0.1366    -0.0909    -0.3759     7.9875   -22.4740     6.7303  1  2    18.6443    12.2125
     206        5       20    -0.0706     0.1046    -0.4888    10.8770   -26.7531     5.8042  1  2    18.7443    12.2652
     207        5       20     0.1434    -0.0108    -0.5696     3.6167   -18.4176    -5.2954  1  2    19.9257    12.4743
     208        5       20     0.1398    -0.0443    -0.0732     5.7936   -17.0658     4.8391  1  2    17.9546    11.9120
     209        5       20     0.0170     0.0234    -0.0220    12.4654   -14.3029     4.5353  1  2    19.4860    11.9254
     210        5       20     0.2073     0.0465    -0.0815     8.2162   -14.6302     0.4671  1  2    19.3683    12.2106
     211        5       20     0.3165     0.0242    -0.8085    -9.7715   -17.7670     4.1316  1  2    19.9499    12.7964
     212        5       20     0.0349    -0.0300    -0.3711    10.1322    -7.5069     1.8136  1  2    19.5387    12.3489
     213        5       20     0.2461     0.0770    -0.2152    -4.4705   -11.6693     2.5375  1  2    19.5718    12.3453
     214        5       20     0.4816     0.1218     0.2665    -2.3926   -20.3392    12.9996  1  2    18.1759    11.8905
     215        5       20     0.1761     0.1888    -0.4643     9.7431   -20.6660    -2.6539  1  2    19.7722    12.8888
     216        5       20     0.1583    -0.0082     0.1069    13.3402    -8.5214     1.6416  1  2    19.1897    11.8763
     217        5       20    -0.1056    -0.1624    -0.9611    -7.6827   -12.1032    -4.2115  1  2    19.6534    12.3225
     218        5       20     0.2075    -0.1388    -0.3284    -3.7621   -30.3855    -2.4046  1  2    17.9932    12.4455
     219        5       20     0.1241     0.2028    -0.3201    -3.0935   -18.7314    -7.4419  1  2    18.9639    12.8016
     220        5       20     0.0269    -0.0173    -0.3978    -8.0835   -14.5278    -6.0178  1  2    18.9958    12.8944
     221        5       20     0.2598    -0.0866     0.1220    -1.2666   -23.6421     0.3722  1  2    18.2159    12.0337
     222        5       20     0.2195    -0.1374    -0.3991    -4.6175   -21.8173     3.4648  1  2    18.9240    12.5482
     223        5       20     0.3737     0.0297     0.5477    17.0848   -12.4056    -3.5760  1  2    18.7641    12.5798
     224        5       20     0.2116     0.1013     0.4891    -0.2361   -11.7410     0.8332  1  2    19.6611    12.5386
     225        5       20    -0.1715     0.1114    -0.0442     8.4843    -7.7855     5.3476  1  2    19.1867    12.3506
     226        5       20     0.4756     0.0148     0.8049    18.0784   -14.4013     0.1453  1  2    18.8303    11.9360
     227        5       20     0.1879     0.0187    -0.7728     0.7432   -12.6650    -2.2944  1  2    19.4538    12.4464
     228        5       20    -0.3878    -0.1373    -0.0586     7.4539    -8.9493    -7.9755  1  2    18.3065    12.3160
     229        5       20     0.3516    -0.0184    -0.2072     9.0682   -18.7369    -2.4324  1  2    18.6623    11.9568
     230        5       20    -0.2705    -0.2037    -0.3262     6.1404   -12.2689     4.4645  1  2    19.2026    12.4808
     231        5       20     0.3899     0.0034    -0.2516     2.3434   -23.5458     0.1968  1  2    19.6884    12.7632
     232        5       20    -0.3043    -0.1027     0.2567    13.2497   -18.5091     1.2051  1  2    19.2322    12.2855
     233        5       20    -0.0294    -0.1074    -0.3065    18.0962    -9.7584     1.7815  1  2    18.7292    11.4524
     234        5       20     0.0718     0.1590    -0.1130    -1.4517   -30.8075    17.8226  1  1    19.6002    12.3731
     235        5       20    -0.1606    -0.0329    -0.0237    15.4845   -18.2895    -7.7250  1  2    19.8737    12.4981
     236        5       20    -0.2799     0.2064    -0.3417   -10.7937    -8.4321     7.6136  1  2    19.8092    12.4699
     237        5       20     0.1894    -0.0496     0.0918    15.8472    -6.2332     0.8246  1  2    19.0404    11.5700
     238        5       20     0.1679    -0.0145     0.0785    12.1965   -13.1269    -6.1142  1  2    18.9840    12.5058
     239        5       20     0.2202    -0.1681    -0.1646    10.3941   -15.4068     0.9138  1  2    18.4728    12.2600
     240        5       20     0.3518     0.0118    -0.3643     0.9433   -23.5645    -6.8313  1  2    18.9760    13.0558
     241        5       20     0.3251     0.0723    -0.3453    -6.8225    -9.8635    -0.2995  1  2    20.3625    12.3511
     242        5       20     0.1161     0.0161     0.0296    19.8032   -13.8545   -12.0041  1  2    20.5338    12.3788
     243        5       20    -0.0887    -0.1327     0.1774    -7.5866    -8.5607    -1.3175  1  2    19.2329    12.5386
     244        5       20    -0.0412    -0.0005    -0.1509    12.4685   -21.1030     6.6948  1  2    18.3728    12.0740
     245        5       20     0.6783    -0.1271    -0.0059     8.1120   -11.9310    -0.3136  1  2    18.7392    12.2141
     246        5       20     0.2620     0.0090     0.1604   -12.8438   -18.1357    -7.0523  1  2    19.8626    13.0767
     247        5       20     0.1373     0.0218    -0.3442    -2.2966   -16.9290     5.6253  1  2    19.2794    12.6157
     248        5       20     0.4106     0.3483    -0.7483   -12.0937   -23.6034    -8.4749  1  2    20.7817    13.2092
     249        5       20     0.1188    -0.0122    -0.7795   -14.7292   -14.2024    -4.1453  1  2    18.9499    12.6199
     250        5       20    -0.3414    -0.1042     0.1887   -14.1601   -24.5633     8.0109  1  2    20.5266    12.5671
     251        5       20     0.3532    -0.0287     0.0780     0.5570   -25.7701    -1.3193  1  2    18.1412    13.0400
     252        5       20     0.2928     0.0700    -0.2582    -0.8378   -23.1964     1.3907  1  2    19.9612    12.6126
     253        5       20    -0.1021     0.0824    -0.3524    -4.4015   -28.5882    -0.0997  1  2    19.8498    12.2675
     254        5       20    -0.3471     0.1678    -0.1792    18.3346    -4.2749     2.7500  1  2    20.2240    12.0090
     255        5       20    -0.0561    -0.1213    -0.6302   -17.0468   -16.3026    -2.8424  1  2    20.5562    12.7540
     256        5       20     0.4606    -0.0377    -0.0933    11.2631   -11.5471    -1.5321  1  2    20.4125    12.5532
     257        5       20    -0.1003    -0.0772     0.0472   -14.1085   -15.2102    -0.0370  1  2    20.3577    11.9801
     258        5       20    -0.3111     0.0505    -0.7975     3.7944   -15.2061    15.8456  1  2    19.2306    11.5372
     259        5       20    -0.3933    -0.1731    -0.3168     0.5460   -23.2521    10.9222  1  2    19.7635    12.0004
     260        5       20    -0.4082    -0.0492    -0.2578    -7.2464   -18.3499     1.1622  1  2    19.2277    12.0985
     261        5       20     0.1299    -0.0500    -0.2312     2.9548    -2.0970    -4.6604  1  2    19.8070    12.4072
     262        5       20     0.8498    -0.2347    -0.7959    -6.6055   -11.2301     2.1054  1  2    20.2669    11.9644
     263        5       20     0.6193     0.0003    -0.4648   -10.3757   -12.8998     1.7212  1  2    19.5535    12.3725
     264        5       20     0.4168    -0.0085     0.1009     1.0144   -14.4719     6.0233  1  2    19.3531    12.3028
     265        5       20     0.0024    -0.0602    -0.2127    12.9073    -6.5586    -3.1148  1  2    20.4634    12.5495
     266        5       20    -0.1111     0.0267    -0.3798    -5.4539   -23.3752    -7.5855  1  2    18.0694    12.3685
     267        5       20     0.2625     0.0903    -0.5383   -15.2234   -23.3432    -7.3881  1  2    19.7257    12.9571
     268        5       20     0.1423    -0.1079     0.2883     7.4676   -16.9899    -5.0063  1  2    19.2078    12.6487
     269        5       20     0.3709     0.1485    -0.0097     7.6739   -20.0609   -14.2151  1  2    19.5368    13.3889
     270        5       20     0.2170    -0.0488     0.3464     6.2863   -15.3795    -2.2055  1  2    19.3133    12.3110
     271        5       20     0.2240     0.0445    -0.1050     8.6679   -24.0301    -1.3658  1  2    19.1934    12.6999
     272        5       20     0.2234     0.0568    -0.2750   -10.6655   -12.8372    -2.3129  1  2    17.8945    12.1402
     273        5       20     0.1481     0.2260    -0.1836     9.3148   -18.5075    13.7291  1  1    17.9564    11.4400
     274        5       20    -0.3426    -0.1054    -0.3552    -8.0957    -6.7787     2.0413  1  2    18.5205    11.7707
     275        5       20    -0.2755    -0.2113     0.0335    -9.8486   -23.3324     2.5795  1  2    19.4580    12.0152
     276        5       20    -0.0546     0.0153     0.3020     4.8379   -23.5473     7.0466  1  2    20.9525    12.4710
     277        5       20     0.3195    -0.1239    -0.5832    12.0160   -26.4974     4.5128  1  2    19.0380    11.9498
     278        5       20    -0.1856    -0.1143    -0.2077    15.4508   -10.4928    -2.6586  1  2    19.8803    11.6964
     279        5       20     0.5863    -0.0736    -0.0144    11.3225   -19.9229     1.4740  1  2    19.3981    12.2285
     280        5       20    -0.0959    -0.0936    -0.2654    20.1004    -7.6692     7.2550  1  2    18.6114    11.4204
     281        5       20     0.3150    -0.0579     0.0788    -9.1112   -17.7644     1.4957  1  2    19.6417    12.8206
     282        5       20     0.0393     0.0984    -0.5083    -1.6955   -24.9905     5.3871  1  2    19.0683    11.9313
     283        5       20     0.0909    -0.0608     0.1939    24.7036    -3.1323    -2.7813  1  2    18.9413    11.4519
     284        5       20     0.0831     0.1535     0.2434     9.2792   -19.1784    -1.8791  1  2    18.9199    13.0417
     285        5       20     0.3307     0.0312    -0.0528    -2.4086   -11.9807    -5.4397  1  2    19.2570    12.6245
     286        5       20    -0.1429     0.0610     0.1033    21.9557   -14.8436     2.6986  1  2    18.1276    11.2840
     287        5       20     0.2664     0.0000    -0.2198     7.7477   -22.4517     1.4911  1  2    18.9078    12.6594
     288        5       20    -0.0717     0.2833    -0.5789    -8.3656    -7.0699     0.1467  1  2    18.7707    12.3922
     289        5       20    -0.1791     0.0856     0.1659    21.8704   -16.1893     3.3403  1  2    19.7340    12.2073
     290        5       20     0.2467     0.1119    -0.1625    25.5958   -25.9783     6.5819  1  2    19.8015    11.9917
     291        5       20    -0.1647     0.1324    -0.6356    -1.9076   -14.4810    -2.0494  1  2    20.9113    12.9006
     292        5       20     0.3805    -0.0872    -1.0792    -2.5710    -6.2003    -4.2412  1  2    20.7247    12.3838
     293        5       20    -0.0265    -0.1129     0.1798    11.2613    -6.0069    -0.3239  1  2    20.5071    12.0879
     294        5       20     0.1459     0.0652     0.1558     9.5351   -18.2911     5.7633  1  2    20.2046    12.0394
     295        5       20    -0.4838    -0.0462     0.4584    20.2356   -10.2115    -6.1935  1  2    18.0161    12.3510
     296        5       20    -0.1425    -0.1697     0.0051    18.3012   -23.6741    -2.3259  1  2    18.4342    11.7669
     297        5       20    -0.3476    -0.1866    -0.3885     3.1368   -19.0159    -0.3500  1  2    19.5148    12.5195
     298        5       20     0.1826     0.1534     0.0845     6.7667   -32.8788     3.8532  1  2    18.3199    12.2542
     299        5       20     0.1602     0.1171     0.8624    22.2518     3.9003    -3.0038  1  2    19.1834    11.5314
     300        5       20     0.5272     0.0592    -0.0612     8.5139    -8.5250     0.6216  1  2    19.7749    11.7969
     301        5       20     0.2128     0.0548    -0.6122    -0.3680   -12.0428    -2.0454  1  2    20.3125    12.6434
     302        5       20    -0.0184    -0.0295    -0.0478     9.5641   -14.0262     4.0077  1  2    19.6277    11.7720
     303        5       20     0.3815    -0.0338     0.7605    15.7815   -16.2415     3.3967  1  2    20.5887    12.4496
     304        5       20     0.2100    -0.0480    -0.4437     4.0269   -21.1566     1.2939  1  2    20.3963    12.6379
     305        5       20     0.4711    -0.0315    -0.0950     9.8588    -0.0578    -0.0630  1  2    19.2604    11.3665
     306        5       20     0.1236     0.0354     0.5520    22.5921   -15.9060    -4.5737  1  2    20.1158    12.1376
     307        5       20    -0.5229    -0.1241     0.1785    17.8105   -19.4878     8.4526  1  2    20.1063    11.5039
     308        5       20     0.4139     0.0239    -0.4493    16.7234    -6.7839    -1.8267  1  2    19.0932    11.4977
     309        5       20     0.2857     0.0849    -0.1002     7.2794   -13.5474     2.3896  1  2    19.7107    11.4318
     310        5       20     0.4610     0.1058    -0.3688    21.3609   -19.6777     0.7634  1  2    18.4275    12.0918
     311        5       20     0.7399     0.4255    -0.4747     2.8712    -8.7987    22.1629  1  1    19.4195    11.5258
     312        5       20    -0.2269     0.0553    -0.9068     8.2711    -9.9321     8.0661  1  2    20.0140    12.0175
     313        5       20     0.3803     0.0671    -0.3792    -2.2610    -7.2333    -6.3243  1  2    19.7529    12.3917
     314        5       20     0.2273    -0.0409    -0.1279    14.1152    -6.4374     6.9926  1  2    19.6584    11.3894
     315        5       20     0.0782    -0.0205    -0.1951    20.0498    -6.3051    -1.9675  1  2    19.3234    11.8226
     316        5       20     0.3068    -0.0088    -0.4599    -5.9365   -28.9265    -2.0578  1  2    19.4159    12.9105
     317        5       20     0.0926    -0.0526     0.3398     2.5725   -18.7462    -3.9553  1  2    19.2923    12.6679
     318        5       20     0.1541    -0.0237    -0.4622   -10.3038   -17.9757     3.1490  1  2    20.6129    12.5175
     319        5       20     0.2557     0.1192     0.1569     5.0163    -2.1673    -4.7873  1  2    21.2046    12.4245
     320        5       20     0.3340    -0.0395     0.1414     8.3131   -19.0719     4.1398  1  2    20.4478    11.9471
     321        5       20     0.1912     0.0021    -0.1712    13.3235   -23.5106    11.9351  1  2    20.0725    11.6529
     322        5       20     0.4345     0.0327     0.4950    10.7239    -8.8698    11.6260  1  2    20.1258    11.8791
     323        5       20     0.0928     0.0903     0.4873    -5.5466   -30.3539    -0.5699  1  2    21.1111    12.8615
     324        5       20    -0.2839     0.1483    -0.0201     2.4760    -3.0896    10.1442  1  2    20.5326    11.9759
     325        5       20     0.1009     0.0197    -0.0789     9.6353   -12.6148    -7.3734  1  2    20.2222    13.0994
     326        5       20    -0.5335    -0.3022    -0.3813     8.7734    -9.7933     1.4344  1  2    19.4356    12.0996
     327        5       20     0.6959     0.3203    -0.1072    24.9813   -18.2759    -8.7155  1  2    20.5527    12.5313
     328        5       20     0.0045    -0.0252    -0.5655    20.8091   -13.0699    11.4993  1  2    18.6232    10.8087
     329        5       20     0.4290    -0.0149     0.4545     8.0193   -23.0453    -5.0482  1  2    20.1716    12.8530
     330        5       20     0.1720     0.2752    -0.3522     9.9929   -26.1662    -7.9814  1  2    19.7788    13.1408
     331        5       20    -0.1857    -0.2228     0.0086    10.7849   -21.0961     1.0526  1  2    18.8285    11.8356
     332        5       20     0.1617     0.1301    -0.7001     2.5084    -4.8841     9.6539  1  2    19.0175    11.6639
     333        5       20     0.5110    -0.0255     0.9854     1.6340   -10.7001     0.7324  1  2    19.5265    12.5038
     334        5       20     0.5991     0.0574    -0.2697    -4.1667   -15.1885     1.4020  1  2    19.2892    11.8924
     335        5       20     0.3313     0.1212    -0.2266     7.8378   -24.3352     7.8311  1  2    18.8256    11.9978
     336        5       20     0.0118    -0.1236    -0.2103    27.3779    -3.1092     5.8671  1  2    19.9266    11.8171
     337        5       20     0.1170     0.0526    -0.1479    -3.4905   -14.3117    -6.2889  1  2    18.9199    12.5055
     338        5       20     0.0873    -0.0850    -0.2046     9.2999   -10.4736    -1.5875  1  2    19.7913    12.6379
     339        5       20     0.1093    -0.0606     0.5214    24.7183   -18.7392    -3.2721  1  2    19.4794    12.5794
     340        5       20     0.4337     0.2543     0.3392     9.8834   -33.8063   -11.7227  1  2    18.7022    13.1235
     341        5       20     0.0073     0.0887     0.4315    13.8457   -27.1033    -0.8081  1  2    18.4538    12.4795
     342        5       20     0.2370     0.0146    -0.0641    -4.7216   -24.5164     2.0488  1  2    18.6627    12.4993
     343        5       20     0.3831     0.0262    -0.0530    -0.3105   -14.9272    -3.5998  1  2    18.9903    12.4794
     344        5       20     0.3791     0.0571    -0.1678    14.6919   -24.8027     1.3847  1  2    19.1062    12.7640
     345        5       20     0.4527     0.0799    -0.3659    -4.7293   -15.2617    -3.1744  1  2    17.9986    12.3100
     346        5       20     0.0925    -0.0708    -0.8933    -1.6921   -24.8651     5.0880  1  2    17.1957    11.6674
     347        5       20    -0.2272     0.1430    -0.1505    25.2356   -22.1169    -0.8364  1  2    18.4279    11.5488
     348        5       20    -0.4217    -0.0252     0.3776    21.8682   -17.5753    -0.7504  1  2    18.5327    12.2517
     349        5       20    -0.0481    -0.0496     0.0805    -8.6895   -23.1250    -3.3705  1  2    19.1600    12.2004
     350        5       20     0.0318    -0.1029    -0.1784    21.3393   -12.9590     0.3641  1  2    19.5492    12.4417
     351        5       20    -0.2508     0.2823    -0.2014    -3.8244   -22.6384    12.1276  1  1    19.1596    12.1377
     352        5       20    -0.0373     0.1201     0.1743    11.8530   -19.6559    -5.1940  1  2    18.9010    12.7341
     353        5       20     0.2446    -0.2372    -1.0766    -4.3427   -17.4910     3.8763  1  2    17.8223    12.3122
     354        5       20     0.7178     0.3473     0.4066    24.6170   -22.7397   -11.8447  1  2    19.6272    13.0218
     355        5       20     0.1181     0.2121     0.3689    13.3510   -18.0887    -6.6675  1  2    19.1395    12.2953
     356        5       20     0.2129     0.0988     0.1648    11.2798   -22.3379    -7.2912  1  2    19.5169    13.0188
     357        5       20     0.1380     0.0195    -0.4013    -0.5384   -17.7653    -6.9838  1  2    18.4834    12.6975
     358        5       20     0.3480    -0.0296    -0.2999     3.6470   -22.7437    -8.0807  1  2    18.6833    12.5229
     359        5       20     0.4989    -0.0525     0.3339    14.9040   -20.0267    -4.5277  1  2    19.1834    12.3200
     360        5       20     0.5103     0.0308    -0.3387    -7.5755   -25.0523     3.5862  1  2    18.3047    12.0287
     361        5       20     0.2013     0.0114     0.0162     8.0208   -11.3475    -1.8093  1  2    19.4245    12.6170
     362        5       20     0.1250     0.0767    -0.4907     5.2059   -17.7685     9.8541  1  2    18.9875    11.9323
     363        5       20     0.3900     0.0162    -0.1521     9.0268     6.2081    -7.4917  1  2    19.6422    12.1753
     364        5       20     0.5518     0.0475     0.0312    15.3045   -24.9807    -0.4571  1  2    19.4065    12.2308
     365        5       20     0.0134     0.0953     0.1282     3.5420   -33.3510    -7.4779  1  2    18.5428    12.6144
     366        5       20     0.0101     0.0425    -0.6595     1.1178   -16.3734    -2.6077  1  2    18.7527    12.0186
     367        5       20    -0.2183    -0.1433     0.0215    13.7000   -26.2090    10.9117  1  2    18.1427    11.8448
     368        5       20     0.3444     0.2168     0.0716    11.6621   -13.6797     9.3955  1  2    18.5223    11.8466
     369        5       20    -0.2587    -0.1345    -0.0489     5.7551   -19.9749    -0.2751  1  2    18.5325    12.3741
     370        5       20     0.0246     0.1055    -0.0629     7.0618   -11.3570    -1.3339  1  2    19.2117    12.5861
     371        5       20     0.6143     0.0316     0.4009    11.9802   -35.0781    12.9278  1  1    18.5587    11.8951
     372        5       20     0.1281     0.0998     0.5312    15.8263   -11.8235    -9.1751  1  2    19.8185    12.7068
     373        5       20    -0.0836    -0.0367     0.2995    17.6790   -10.4716     5.9669  1  2    18.7162    11.5434
     374        5       20     0.0526     0.0345     0.3629    23.3369   -12.7797    -4.6065  1  2    20.1405    12.7007
     375        5       20     0.0222    -0.0240     0.5503    14.0792   -10.3110     2.4150  1  2    19.6149    12.2674
     376        5       20     0.5370     0.1327    -0.5960     7.2042   -17.9635    -7.2978  1  2    19.0862    12.5152
     377        5       20    -0.1126     0.2039    -0.8339    -0.8219   -21.9172     1.2204  1  2    19.0629    13.1804
     378        5       20     0.5410     0.2476    -0.3285     7.4960    -2.2121    -1.7163  1  2    20.2415    12.7803
     379        5       20    -0.0367    -0.0633    -0.1483    13.4525   -20.3429    -1.9311  1  2    19.2026    12.1860
     380        5       20     0.4378    -0.1337    -0.7334     5.5410   -23.0884    -2.4388  1  2    18.0777    12.2199
     381        5       20     0.4997     0.2800     0.0193   -18.3906   -13.3878     5.5900  1  2    19.5504    12.2399
     382        5       20    -0.1818    -0.1162    -0.1128    10.5679   -15.7592     2.5869  1  2    18.7424    12.2712
     383        5       20     0.0582     0.1828     0.4511    26.4021   -14.5395    -0.1924  1  2    19.0799    12.3879
     384        5       20     0.1521    -0.1468     0.1052     7.4662   -11.7450    -0.3656  1  2    18.8867    11.8962
     385        5       20     0.3136    -0.0603     0.5374    26.7172   -21.9586     0.3108  1  2    19.9430    12.3196
     386        5       20    -0.1619    -0.1168    -0.0172    -6.7023    -7.2767     0.9841  1  2    19.2252    11.0631
     387        5       20    -0.0334    -0.0672    -0.2514     3.5836   -11.9806    -2.4446  1  2    20.3094    11.9851
     388        5       20     0.3898    -0.0618    -0.4361     3.2033    -4.4751     0.2013  1  2    19.5563    11.6834
     389        5       20     0.2194    -0.0569    -0.3748    14.6392   -18.0279    -0.6218  1  2    20.1465    12.1782
     390        5       20     0.1538     0.0005    -0.4343    14.0972   -11.2521     3.9337  1  2    19.7076    11.8024
     391        5       20     0.1201     0.1736     0.0449     5.7500   -16.6623    -0.4294  1  2    20.2918    12.3033
     392        5       20     0.6818     0.0164    -0.2302   -12.2861    -7.0649     0.7089  1  2    19.4032    12.1722
     393        5       20     0.2000    -0.1604    -0.5506     2.9296   -20.5849     2.9442  1  2    18.7164    12.1250
     394        5       20     0.3604     0.0361     0.0183    11.5295   -22.7231     7.4614  1  2    18.3682    12.3949
     395        5       20    -0.3219    -0.0137    -0.3480     9.8687   -12.4510     0.3337  1  2    19.0682    12.1121
     396        5       20    -0.0816     0.0029     0.5010    -1.9252    -4.4761     6.6893  1  2    19.0168    11.9252
     397        5       20     0.3909     0.0551     0.7729    29.8833    -3.9755    -2.3510  1  2    19.4835    11.6520
     398        5       20     0.1968     0.1026    -0.5842     4.9599    -4.6683     4.2072  1  2    20.0532    12.1255
     399        5       20    -0.0817     0.0030    -0.0880     7.1449   -14.1171    -1.5084  1  2    20.2383    11.9542
     400        5       20     0.1539     0.1466     0.0142     8.0607     0.4606     8.4696  1  2    18.5781    11.1911
     401        5       20    -0.0402    -0.0010    -0.3344    -4.9524   -13.5620     4.8598  1  2    19.5120    11.8439
     402        5       20     0.1808     0.0428     0.1229    10.4058   -16.8726     2.0956  1  2    19.9209    12.2061
     403        5       20     0.2271    -0.0128    -0.0542    10.9054    -8.4694    -4.1631  1  2    19.6816    12.7472
     404        5       20     0.5878     0.1374    -0.0041     2.6301   -28.9670    -3.7873  1  2    18.3837    12.5916
     405        5       20     0.7457    -0.0531     0.2172    -0.6324   -18.6202    -4.2688  1  2    17.9208    12.5860
     406        5       20     0.5713     0.0318    -0.4069     4.6770   -25.5434    -0.9098  1  2    18.8710    12.8120
     407        5       20     0.4777    -0.1071     0.2872     7.1913   -18.9973     6.6489  1  2    19.1461    12.1416
     408        5       20     0.3936    -0.0442    -0.4720     2.5490   -11.3527    -1.6277  1  2    18.1247    12.6186
     409        5       20     0.5060    -0.0601    -0.1329    -2.0489   -14.3906     5.5992  1  2    18.3774    12.1420
     410        5       20     0.5487     0.1476     0.4497    31.5420   -15.6445   -12.6936  1  2    19.0464    12.1637
     411        5       20     0.7827     0.1324     0.1352    23.9035   -23.6063    -3.1039  1  2    18.1530    12.3813
     412        5       20     0.4863     0.0769     0.9824    13.2045   -15.9331    -0.2143  1  2    18.1673    12.3196
     413        5       20    -0.1996     0.0238    -0.6367    -5.4357   -20.2441     2.1112  1  2    19.2183    12.7609
     414        5       20     0.2529    -0.0866     0.2004    -9.6132     3.1406    -6.5857  1  2    19.4626    12.5425
     415        5       20     0.1275     0.0712     0.1162    -3.8085   -10.0439     8.7789  1  2    19.5070    11.7333
     416        5       20    -0.0747    -0.0091    -0.3874     0.7046    -1.7528    -1.1840  1  2    19.7372    11.4094
     417        5       20    -0.1519     0.0204    -0.9508   -13.2945   -21.4075     4.7008  1  2    19.2892    12.7935
     418        5       20     0.0096     0.1577    -0.6815   -11.2164    -6.4105     6.1471  1  2    19.0802    11.9543
     419        5       20     0.2867    -0.1183     0.0028     6.6854   -11.6314    -1.0977  1  2    19.8922    11.9603
     420        5       20    -0.1466     0.0286    -0.0891     1.0331   -29.4414    -6.4355  1  2    20.8476    13.0203
     421        5       20     0.3379    -0.1138     0.0390     1.4416   -20.3066    -1.9004  1  2    20.3465    12.2452
     422        5       20     0.3776     0.0894     0.1983    11.4725   -13.5198    -5.2225  1  2    20.3053    12.6994
     423        5       20    -0.2082     0.1142    -0.3392    -2.7995   -27.3642     3.3100  1  2    19.6739    12.7621
     424        5       20     0.2219    -0.0123    -0.1993    -2.7604   -13.0166     6.5617  1  2    18.3648    11.9622
     425        5       20     0.1284    -0.1252    -0.5701    12.9999   -21.3697    -2.6158  1  2    19.0877    12.6275
     426        5       20     0.0453    -0.0414    -0.4178    -3.1536   -13.5087     4.9970  1  2    18.4699    12.1667
     427        5       20     0.2013     0.1827     0.4693     4.3435   -17.1234    10.7388  1  2    20.6451    12.5648
     428        5       20    -0.3282     0.0520    -0.3602    -0.8063    -0.3345     7.9348  1  2    19.6467    12.5187
     429        5       20     0.1103    -0.1072     0.6706    27.9730   -12.9556     0.8285  1  2    19.3069    11.7147
     430        5       20     0.1525     0.0195    -0.6506    16.5488    -4.7094     7.1749  1  2    19.0899    11.8987
     431        5       20     0.3247    -0.1593    -0.3922     8.2230    -2.9706     5.8529  1  2    19.7255    11.4655
     432        5       20    -0.0768    -0.0893     0.3913     5.1624    -6.9212    -0.7515  1  2    19.2582    12.0790
     433        5       20     0.3475     0.0597    -0.0005    13.3611   -10.3771     0.8264  1  2    18.9110    12.3060
     434        5       20     0.3582    -0.1047     0.3016    14.1044   -26.5958    -0.5463  1  2    19.4436    12.2189
     435        5       20    -0.0842    -0.1754     0.1562    15.7296   -15.1383     1.4086  1  2    19.9245    12.3265
     436        5       20    -0.4569    -0.0055     0.0619     9.6038   -22.9561    -3.0248  1  2    19.0005    12.6949
     437        5       20    -0.2691    -0.0760    -0.1831     7.5065   -16.8570    -1.3753  1  2    20.7952    12.7824
     438        5       20     0.3577    -0.0576    -0.4708    -2.9323   -18.6961    -4.7216  1  2    18.9445    12.6973
     439        5       20    -0.0202    -0.2516    -0.9411     6.0494   -20.0122     0.2830  1  2    19.7363    12.3327
     440        5       20     0.5308     0.0037     0.0226    15.2166   -14.0316    12.2734  1  2    19.5538    11.6267
     441        5       20     0.3648    -0.0405    -0.2629    11.0593   -42.0798    -8.1571  1  2    20.7884    13.0771
     442        5       20     0.1224    -0.0604    -0.5116    -9.0506   -15.8250     0.1199  1  2    18.6017    12.6150
     443        5       20    -0.2793    -0.2340     0.4109     9.7327    -8.8421    -2.7475  1  2    18.8834    12.1721
     444        5       20    -0.0306     0.0719    -0.3675     6.7260   -16.1905     2.6867  1  2    18.8937    12.1378
     445        5       20    -0.2091     0.0705    -0.0974    -1.0232   -12.8276     4.3997  1  2    18.9696    12.5863
     446        5       20     0.4522     0.0620    -0.4103     6.9825   -12.0381    -1.9359  1  2    19.6008    13.0243
     447        5       20     0.2972     0.4315     0.2696    18.7052   -11.8563     8.2106  1  1    19.0625    12.1910
     448        5       20     0.0441     0.0783     0.8235    26.4246    -4.7616     0.1013  1  2    17.2856    10.9125
     449        5       20    -0.3064    -0.2700    -0.6316    13.1424     4.2043    -1.2230  1  2    18.1393    11.9144
     450        5       20     0.0671     0.1933    -0.5595    -6.3362   -20.7448    -5.9769  1  2    19.4577    13.0927
     451        5       20     0.0772    -0.1118    -0.7598     2.0635   -20.9887     2.6816  1  2    18.7388    12.1478
     452        5       20     0.1419    -0.1130    -0.1091    20.2340   -17.5385     0.1931  1  2    18.9264    12.0327
     453        5       20     0.2492     0.2227    -0.1500     5.5261   -11.5958     2.3262  1  2    18.8266    12.5149
     454        5       20     0.0432     0.1384    -0.5310    10.1334   -11.3573   -12.9091  1  2    19.8874    13.0889
     455        5       20    -0.1188    -0.0834     0.2349    -3.0947    -4.0696     1.8621  1  2    18.7212    12.6654
     456        5       20     0.2343    -0.0098    -0.1188     5.0536   -13.6868     0.8994  1  2    18.6868    12.3040
     457        5       20     0.0572    -0.0228    -0.4260    12.5992   -19.1187     1.8676  1  2    19.4824    12.0028
     458        5       20     0.1203     0.0667    -0.2882     7.4472    -8.1108    -3.3938  1  2    19.0267    12.0034
     459        5       20     0.0340     0.1244    -0.0502    17.6292   -14.0092     1.2005  1  2    18.7204    12.3376
     460        5       20     0.0890     0.0295    -0.1391     9.3361   -11.7555     8.8790  1  2    18.4228    11.7754
     461        5       20     0.2834    -0.0402    -0.4336     8.8370    -6.5742    -4.2183  1  2    19.3563    12.1901
     462        5       20     0.1056     0.0710     0.4763    11.0558   -14.8517     8.0368  1  2    18.6580    11.6698
     463        5       20     0.0761     0.1471     0.5369    23.2186   -26.9098     1.8479  1  2    18.7142    12.2898
     464        5       20     0.0849    -0.1494     0.3279    22.0392   -21.0308    -5.5739  1  2    19.2730    12.3408
     465        5       20     0.6286     0.1258     0.0735    -9.4913   -16.7764    -3.0862  1  2    19.5514    12.2974
     466        5       20     0.0179    -0.0616     0.5453     4.5584   -20.5642     1.4111  1  2    18.3761    12.5267
     467        5       20    -0.1165    -0.0122    -0.4260     6.6690   -15.7752    -2.9562  1  2    20.0442    12.5275
     468        5       20     0.3898    -0.1672    -0.7982     8.9653   -13.6268     2.6706  1  2    19.3871    11.9510
     469        5       20    -0.1302     0.1044     0.9157    28.9178   -20.4777     6.0190  1  2    19.2155    11.8874
     470        5       20    -0.0162    -0.0965    -0.0434     2.8479   -13.0060     4.5877  1  2    18.6106    11.9400
     471        5       20     0.1813     0.0422     0.4078    13.0389    -7.1502    -4.5049  1  2    19.2823    12.3536
     472        5       20     0.3858     0.0156    -0.0038     5.8612   -20.4468     0.2588  1  2    19.1890    12.5155
     473        5       20     0.3898    -0.0498    -0.3408    12.1471   -13.0702    -0.2110  1  2    18.8431    11.7993
     474        5       20    -0.0847    -0.0962    -0.7201     6.7647   -25.6013     0.6395  1  2    19.6570    12.2546
     475        5       20    -0.1185     0.2103    -0.3722    14.7484    -9.7960    -4.3792  1  2    19.8667    12.2016
     476        5       20     0.1187     0.1010     0.2093     8.7151    -8.6554     0.7057  1  2    18.7519    12.1984
     477        5       20    -0.1324     0.2010     0.7598    20.6747   -12.7852     1.6262  1  2    20.1441    12.6099
     478        5       20     0.3485     0.0458    -0.3841     2.8377   -15.3477     1.4732  1  2    19.1965    12.4115
     479        5       20     0.1825    -0.0321    -0.1367    11.5213   -10.2231    -6.1504  1  2    18.6476    12.0773
     480        5       20     0.5353    -0.0167    -0.0484     8.2422   -14.0964    -1.2279  1  2    19.1176    11.6457
     481        5       20     0.0753     0.2910     0.4708    17.5647   -12.0196     8.6139  1  1    20.0054    11.7936
     482        5       20    -0.0132     0.0960     0.2373    30.8895   -26.4523     7.0334  1  2    19.0443    11.8096
     483        5       20    -0.5976    -0.2322    -0.4147     4.5545   -29.9367     4.2418  1  2    19.5900    11.8444
     484        5       20     0.3731    -0.0615     0.2673    12.9345   -16.2283    -1.6485  1  2    20.5387    12.1939
     485        5       20     0.3428     0.0874    -0.2445     3.8945   -11.8099     5.4076  1  2    20.0150    11.6797
     486        5       20     0.0389    -0.1464    -1.0277     5.2453   -13.8874     0.2454  1  2    18.8943    11.5903
     487        5       20     0.4063    -0.0766     0.0764    10.9650   -25.8884     3.0172  1  2    17.4950    11.7810
     488        5       20     0.7266     0.0703     0.4149     8.3240   -28.3210   -11.8552  1  2    18.3726    12.0578
     489        5       20     0.0346     0.0046     0.4022     1.4994   -24.4223     3.2600  1  2    19.1646    12.3770
     490        5       20     0.6361     0.0632    -0.2755    -1.7050   -25.5120    -7.5853  1  2    19.2798    13.3047
     491        5       20     0.3931     0.0367    -0.1472     0.4910   -22.4858    -3.3836  1  2    20.3256    12.6944
     492        5       20     0.0410    -0.0213    -0.6101    -5.8491   -15.4134     2.9308  1  2    20.2040    12.4492
     493        5       20     0.5456    -0.0054    -0.3268    -7.4782   -14.9249    -1.8638  1  2    20.8476    12.5916
     494        5       20     0.3517     0.1813    -0.2531     8.1829    -6.2158    -4.3241  1  2    19.6438    12.4423
     495        5       20     0.2144     0.2616    -0.3233     0.1659   -27.2176    -2.2696  1  2    19.7971    12.2717
     496        5       20     0.0813    -0.1414    -0.5904    -5.3969   -24.9312     0.9610  1  2    18.8697    12.2377
     497        5       20    -0.0896     0.0869    -0.4838    -0.9233   -12.5112    13.7037  1  2    18.6872    11.5129
     498        5       20    -0.0236    -0.0151    -0.4937    -4.2972    -2.1722     2.9349  1  2    19.5578    12.0609
     499        5       20     0.0577    -0.1145     0.4688    11.5397   -16.9372    -1.1304  1  2    19.3737    12.2971
     500        5       20     0.0789     0.0550    -0.3978    -0.8041   -14.6547     1.7807  1  2    19.0411    12.2947
