#Frame      imagedist imagedist[A1] imagedist[A2]
       1       2.4911          7946         11339
       2       2.5326           914         15461
       3       2.4895          4283         13328
       4       2.5029          8219         14201
       5       2.4950          8378         11930
       6       2.4715         10835         11444
       7       2.4833          4505         14213
       8       2.4944          9431          9911
       9       2.5213          3650          8279
      10       2.4785          4556         15353
      11       2.5184          6281          9059
      12       2.5319          8090         16034
      13       2.4968          3704          9146
      14       2.4530          5714         11990
      15       2.5337          1613         14090
      16       2.5493          5033         15641
      17       2.5205          9290         13547
      18       2.4353          3941         10130
      19       2.5235          1610         14684
      20       2.4558          3671          6536
      21       2.4817          1049         15626
      22       2.4935         12467         15620
      23       2.5183          3362          6140
      24       2.5175          3773          4073
      25       2.4801          2258          6629
      26       2.5061          6623          7910
      27       2.4782          3692          9200
      28       2.4293          2756          3995
      29       2.4897         14273         14927
      30       2.4790          1643          9299
      31       2.4867          1877          3194
      32       2.4802          2633          3677
      33       2.4903          8942         10007
      34       2.4897          9281         14690
      35       2.5215          5762         12137
      36       2.4965          3173         14936
      37       2.4952          6893         12821
      38       2.4899          8279         14372
      39       2.5044           977          8927
      40       2.4967          5444          9197
      41       2.5221          7106         11381
      42       2.4887          5300          5774
      43       2.5123         12803         15341
      44       2.4874          3143         15794
      45       2.5153          4073          5318
      46       2.4812          6185         14519
      47       2.4906          8429         14378
      48       2.4984          1166          5390
      49       2.4548         12401         13178
      50       2.4838         13574         15092
      51       2.4344         15917         16118
      52       2.5147          2825         12662
      53       2.4289         10424         14702
      54       2.4845         11687         12332
      55       2.5225          5297          9500
      56       2.4881          2729         13325
      57       2.4667         10055         10802
      58       2.4689          1775         14735
      59       2.5075         12356         13211
      60       2.4871          2009          4967
      61       2.4568          2429         10832
      62       2.5214          2150         14204
      63       2.4641          3581         13724
      64       2.5051          2282         11882
      65       2.4654          6275          6674
      66       2.5064         10259         14147
      67       2.4996         14594         15581
      68       2.5239          7694         12452
      69       2.5059          2351          4607
      70       2.4930           917          6719
      71       2.5054         12752         12827
      72       2.4998          3491          3782
      73       2.5186         12305         14699
      74       2.5224          5606         12875
      75       2.4962          3380         14237
      76       2.4927         15137         15953
      77       2.4833         10169         12365
      78       2.4827          4484          5144
      79       2.5374          9449         12782
      80       2.4999         10721         11336
      81       2.5210          4010         10544
      82       2.4962          7283          7838
      83       2.4963          9983         11684
      84       2.5054          2978          7088
      85       2.4833         14201         15320
      86       2.4982          5879         15095
      87       2.5054          2426          6587
      88       2.4917          3158          9965
      89       2.5000          4886          7382
      90       2.4927          1238          6491
      91       2.4782          6683          6917
      92       2.5323          1442          6659
      93       2.4779          4394          4952
      94       2.4969          5348          7274
      95       2.4738          4712          8270
      96       2.4538          7580          9830
      97       2.4957          7094         15077
      98       2.4771          2306          7196
      99       2.4647         10763         13754
     100       2.4910          3791          8789
     101       2.4681          6500         16088
     102       2.4482          8258          8912
     103       2.4630         10055         13454
     104       2.4161          4715         14213
     105       2.4848          7193         12335
     106       2.4512          5297          6974
     107       2.5006          1937          2420
     108       2.4831          3242          4784
     109       2.5227          7085         15128
     110       2.5115          3914          8102
     111       2.4442          2375         10136
     112       2.5171          5537          6698
     113       2.5132          1661          4298
     114       2.4851          3299         15332
     115       2.4291          1340          1376
     116       2.4806          9110         12314
     117       2.4750         10442         10676
     118       2.5517          2534         15965
     119       2.5234          5171          6200
     120       2.4614          5585          7778
     121       2.5067          1808          7874
     122       2.4636          3308          7541
     123       2.4728          5036         10373
     124       2.4409         13184         14441
     125       2.5149          7937          9797
     126       2.5101          1751         15848
     127       2.5346          1256          2321
     128       2.5045          7541         15692
     129       2.5005         11573         14042
     130       2.4706          6446         16202
     131       2.5132          8975         11135
     132       2.4830          9185         14642
     133       2.4826          7250         10223
     134       2.5275          3731          7184
     135       2.5052          2330         14279
     136       2.4169          5204         12533
     137       2.4865          1769          6383
     138       2.5008          7565         15452
     139       2.4960          1709         15464
     140       2.5253          4985         11255
     141       2.4576         14327         15773
     142       2.4951          4100         11777
     143       2.4660          4070          4460
     144       2.4836         12722         14897
     145       2.4823          7547         13043
     146       2.5000          5129          8105
     147       2.4930         12131         15461
     148       2.4961          9161         13433
     149       2.5066           875          3359
     150       2.4677          4850         11024
     151       2.4847          7052          7502
     152       2.4861          3191         12578
     153       2.4954          1850         13433
     154       2.5201         10118         14576
     155       2.4773         12458         14198
     156       2.4970          4418         15560
     157       2.4309         12581         15005
     158       2.4729          5471         12233
     159       2.4820          4700         14189
     160       2.5400          1793         10418
     161       2.4807          9125         13700
     162       2.4613         10208         10733
     163       2.5237          6038         10007
     164       2.4955          2423         14156
     165       2.4728          4856         16211
     166       2.4865          5102         11399
     167       2.5219          5393         10859
     168       2.5047          1247          9608
     169       2.4954          7298         14576
     170       2.4492          2636          4139
     171       2.4994          5303         11792
     172       2.5026           941         11705
     173       2.4329          4919         11849
     174       2.5024          2126          6146
     175       2.4770          3359          4550
     176       2.4767          2393          6458
     177       2.5054          3824          8750
     178       2.5006         12911         15677
     179       2.5097          5270          7751
     180       2.5153         13466         14633
     181       2.4817         11669         13274
     182       2.4960           851          2486
     183       2.4932          8252         13967
     184       2.5018          4769         15800
     185       2.5186         11765         13682
     186       2.4902          8105         16067
     187       2.4648          8312         15983
     188       2.4876         11222         13340
     189       2.4969          1151         13094
     190       2.5262          3098          7010
     191       2.4563          2045          4010
     192       2.4875          4445         11765
     193       2.4711          1823         11672
     194       2.4496          1643          2030
     195       2.4813          1637         14750
     196       2.4885          8099          8171
     197       2.4815          8336          9002
     198       2.4980          3080          9287
     199       2.5011          5006         11345
     200       2.4825         14969         16286
     201       2.4646          4907         12911
     202       2.4683          2567         15590
     203       2.4815          7703         15686
     204       2.5103         13016         16040
     205       2.4431          8009         15149
     206       2.4551         14105         16244
     207       2.4806          1175         10610
     208       2.5069         11936         13418
     209       2.4939          1739          5624
     210       2.4499          2576          5495
     211       2.5252          7322         12179
     212       2.4974          4259         14501
     213       2.5190          8240         10706
     214       2.4758          3836         12470
     215       2.4911          5501         15359
     216       2.4623          5324         12305
     217       2.4958          8570          9944
     218       2.4949          7679          8078
     219       2.4753          2975          5480
     220       2.4660          6296         13742
     221       2.5289          1064          1511
     222       2.5238          1034         15587
     223       2.4728          3113          5420
     224       2.5067         13874         15311
     225       2.4321          2906         13118
     226       2.5331          7193          9335
     227       2.4770         11606         11903
     228       2.4815          1616          6746
     229       2.4841          5225         15179
     230       2.5201          7382         13196
     231       2.4769          6857         12866
     232       2.4955          4658         14492
     233       2.4992          2381          5927
     234       2.4728          4505         11135
     235       2.4917          4307          8942
     236       2.5072          3179         12551
     237       2.5012          1178         10955
     238       2.4884          1235         14984
     239       2.4495          6263         10664
     240       2.5181          2687          6584
     241       2.5469          6320         12032
     242       2.5034          4823         11381
     243       2.5239          1727         12791
     244       2.4781          1559          3998
     245       2.5048          7925         15821
     246       2.4807          4976         11255
     247       2.4615          5942         11477
     248       2.4986          5735          5897
     249       2.4779          3113          8618
     250       2.5108          2999          6512
     251       2.5239          4238          6578
     252       2.5361         12551         14621
     253       2.5110          3497         13721
     254       2.5065         11417         14579
     255       2.5283          5063          6386
     256       2.4940          4598          9545
     257       2.4825          1061          3626
     258       2.5366          6245         13157
     259       2.4720          6344          7763
     260       2.4823          1949          9479
     261       2.5008          8030          9176
     262       2.4605          4367         10415
     263       2.5154          6251          8360
     264       2.5252          7784         11306
     265       2.4755         11408         15080
     266       2.4670          5639          6788
     267       2.5317          4901         10292
     268       2.4634          2534          6452
     269       2.5235          4235          5180
     270       2.5037          2405         15317
     271       2.4982          8081         14309
     272       2.5179          5906          6824
     273       2.4914          9170          9659
     274       2.4974          6653         15974
     275       2.4694          1247          2849
     276       2.5377          7886         11408
     277       2.4945          7793          7973
     278       2.4872          3371          3962
     279       2.4818          6344          7700
     280       2.4873          5744          7295
     281       2.5069          8906         14813
     282       2.4863         10910         15476
     283       2.4915          9131         14654
     284       2.4922          7871         13574
     285       2.4959          1847          9620
     286       2.5125          5567         14876
     287       2.4855          6398         13025
     288       2.5018          4079         10667
     289       2.4982          3011         11015
     290       2.4692         10850         15596
     291       2.5227          1274          1865
     292       2.4914          4304         16019
     293       2.4958           866         13127
     294       2.5151          8807         14630
     295       2.5094          2321         13439
     296       2.4799          4691         10859
     297       2.5113          5261         12977
     298       2.4695         13586         14543
     299       2.5055         10820         14096
     300       2.4948          8636         11105
     301       2.5206          7298         13493
     302       2.4423          4943          8981
     303       2.4734          8387         14105
     304       2.5047          1184         15221
     305       2.5187         15548         15869
     306       2.4712          1877         12833
     307       2.5291          2819          8108
     308       2.5120         10442         10769
     309       2.4989         15278         16295
     310       2.5047          8003         16277
     311       2.5084          2231          3701
     312       2.5141          6206          7739
     313       2.4873          1646          4787
     314       2.5162          4202         11456
     315       2.4270          2921          6875
     316       2.4828         12932         15932
     317       2.4688          1229         11465
     318       2.5223          2549          3320
     319       2.4933          4433         12497
     320       2.4659          3071         14294
     321       2.5378          9170          9809
     322       2.4917          2270          2363
     323       2.5308          6950         11012
     324       2.5345         10472         12065
     325       2.4575          7166         16256
     326       2.5131          9641         16316
     327       2.4808         15644         15851
     328       2.5188          4946         13937
     329       2.4534          4901         15350
     330       2.5336          4598         12479
     331       2.4949          7277          7457
     332       2.5325         15266         15311
     333       2.5154          4175         12155
     334       2.4586         13244         15704
     335       2.4735          4799         10688
     336       2.4762          7187         10397
     337       2.4926          5423         15578
     338       2.4882          7778          8699
     339       2.4187          2246          5456
     340       2.4828         12287         12308
     341       2.5390          2267          6863
     342       2.5154          3122         10142
     343       2.5297          7817         12491
     344       2.4819          9893         14984
     345       2.4574          2459          4493
     346       2.4801          9350         14012
     347       2.4471          5732          8924
     348       2.4938         10118         13496
     349       2.5277          5135         15743
     350       2.5025          4856          9290
     351       2.4868          2198         13016
     352       2.5198          5903         14783
     353       2.4542          9461          9479
     354       2.4681          9920         10316
     355       2.5217          8861         13658
     356       2.5121         12041         13373
     357       2.5253          7304          8828
     358       2.5158          6326         12608
     359       2.5040         10145         14846
     360       2.4903          1175         16223
     361       2.4535          6074         16151
     362       2.5229          7562          8111
     363       2.4715         10382         14186
     364       2.4770          6245         14567
     365       2.4768         11621         16037
     366       2.4520         12296         15938
     367       2.4773          2135         11921
     368       2.4817          1880          5729
     369       2.4811          5798         11453
     370       2.4524         12224         15599
     371       2.5073         11168         14255
     372       2.4808          5654          8762
     373       2.4878          4493         14354
     374       2.5327          3731         11819
     375       2.4767         11840         11948
     376       2.4968          4016          5564
     377       2.5085          2705         11387
     378       2.5217          3719         15968
     379       2.5231          1724          6944
     380       2.4367          5354         10745
     381       2.4835          2363          6248
     382       2.4333          6383          7832
     383       2.4896         10898         14402
     384       2.5031         10013         12503
     385       2.4999          1286          4595
     386       2.4778         15605         15983
     387       2.5091         11903         12692
     388       2.4847          2096         12116
     389       2.5020         11684         11699
     390       2.4623         13721         15254
     391       2.4870          1145         11384
     392       2.4829          2006          3323
     393       2.4692          1901         12812
     394       2.4810          1796          4631
     395       2.4990         10001         11033
     396       2.5172          2912          3950
     397       2.4729          5237          9242
     398       2.5008          9647         12563
     399       2.4583          5615         10538
     400       2.4857          6617         10343
     401       2.5216           905          4391
     402       2.4850          2354          3284
     403       2.5014         12803         13043
     404       2.5052          8030          8825
     405       2.4871          4676         14141
     406       2.4740          2480          3869
     407       2.5232         12089         14828
     408       2.4999          5570         13448
     409       2.4471         11879         14492
     410       2.4807          1994          2924
     411       2.4777          6419          9566
     412       2.4435          2081         15494
     413       2.5023          1994         11258
     414       2.5062          7541         16211
     415       2.4840          1733         16013
     416       2.5070          2654         11210
     417       2.4778          4877         11534
     418       2.5096         10004         15383
     419       2.4861          4916         12779
     420       2.4857         14204         14942
     421       2.4760          6455          9530
     422       2.4879          3251          8198
     423       2.4687          4460         11039
     424       2.4368          1628          4901
     425       2.5158          6404         12818
     426       2.5258          5171         15767
     427       2.4902           968         14090
     428       2.4763          7007         13916
     429       2.5253          5867          5951
     430       2.5160         14951         15299
     431       2.5123          6887          6989
     432       2.4476          6311         16253
     433       2.4582          7433          7556
     434       2.4966          9422         14870
     435       2.4450          4874         10313
     436       2.4702          3389          5390
     437       2.5159          6209         11531
     438       2.4587          7727         12356
     439       2.4905          1970          8687
     440       2.5169          9125         11423
     441       2.5195         12122         14357
     442       2.5230          5597         15278
     443       2.5164          1244         10715
     444       2.4952         10508         10691
     445       2.4977          7643         11006
     446       2.5217          8372          9857
     447       2.4920         10577         15002
     448       2.4867          3170          6005
     449       2.4690         12932         13937
     450       2.4608          6422         15497
     451       2.5196         10370         10844
     452       2.5056          5612          9464
     453       2.5037          5045          5984
     454       2.4783          1991          9809
     455       2.5346          2471         12311
     456       2.5105         15863         15986
     457       2.4834          2432         10346
     458       2.4609          4457          6164
     459       2.4670          1778          7979
     460       2.5345           989          1973
     461       2.4887          2219          2456
     462       2.4631          1646          5807
     463       2.4583          9767         15557
     464       2.4806          4316         14414
     465       2.5207          4517         11828
     466       2.5106          2459         14117
     467       2.5253         11162         12092
     468       2.4632          8294         10838
     469       2.5056          7541         16178
     470       2.4962          1451          7493
     471       2.4670          9716         13940
     472       2.4847          7598         13979
     473       2.5180          4790         12617
     474       2.4856         12872         15758
     475       2.5285          2816         10691
     476       2.4427          7880         12242
     477       2.4798         12113         15620
     478       2.5026          3977         15143
     479       2.4808          3059          9428
     480       2.4765          4673         12419
     481       2.4477          2291          4745
     482       2.4758          9602          9839
     483       2.4630          1184          4586
     484       2.5152          7643         14468
     485       2.5029          2642          5453
     486       2.4790           809           875
     487       2.5103          3374         12071
     488       2.4470          9887         16175
     489       2.4788          5771          6746
     490       2.4997          4988         10544
     491       2.5194          4070          7871
     492       2.5009          7847         14978
     493       2.4924          8156          8189
     494       2.4913          3875          8540
     495       2.4515          3899          5756
     496       2.5423          8264          8489
     497       2.4633          3065         11195
     498       2.4636         10958         11948
     499       2.4312          1994         15248
     500       2.4819          2324         16106
