297.02
299.73
294.42
291.73
296.98
301.47
297.19
301.40
299.38
298.14
300.16
298.31
300.44
300.85
296.90
297.80
300.02
295.66
299.46
297.62
292.57
302.76
303.17
302.56
302.00
295.35
299.73
301.54
298.72
296.13
294.20
300.25
299.12
298.52
298.32
299.20
299.83
295.76
297.86
300.16
297.97
300.65
297.63
299.65
298.27
293.36
302.44
298.09
299.92
300.13
296.78
295.60
295.62
300.68
300.41
298.63
298.40
301.77
296.07
298.27
298.98
297.66
295.21
296.42
298.34
299.29
300.08
299.70
298.98
297.11
301.32
296.48
293.25
298.91
301.25
297.95
298.67
303.98
302.19
302.63
302.37
298.35
300.02
299.49
299.93
300.87
298.71
298.59
299.75
301.20
295.78
298.74
301.04
301.59
296.23
299.08
301.38
296.89
299.60
302.39
296.35
299.80
296.06
296.99
294.88
301.51
301.58
301.77
301.75
296.27
295.96
297.24
298.96
294.71
297.31
299.72
301.06
298.24
300.20
297.00
301.48
299.56
298.66
301.34
300.27
296.39
302.03
295.59
297.04
299.69
295.56
295.16
297.98
296.25
299.67
303.07
296.54
297.92
301.71
301.86
298.94
298.18
294.15
296.17
300.52
298.62
303.32
297.40
297.60
299.65
302.23
298.10
298.49
296.82
297.55
300.25
299.41
300.28
299.40
298.08
297.66
297.79
295.87
296.51
300.43
299.87
299.16
296.67
298.97
302.61
299.50
295.00
299.57
300.33
299.19
295.00
297.22
299.92
300.89
294.76
298.43
303.09
297.91
301.66
299.22
297.68
304.19
300.45
295.32
298.20
300.19
296.56
301.20
290.94
298.17
300.64
298.19
300.94
298.03
296.08
300.77
297.33
301.40
301.49
297.15
299.78
298.63
298.75
295.33
303.82
299.68
299.28
299.36
298.79
298.42
299.77
302.28
302.78
300.81
296.37
298.73
299.80
298.70
295.51
299.80
298.51
295.19
293.36
295.47
300.50
298.15
296.86
299.14
297.08
297.13
297.31
299.15
297.26
302.02
301.79
301.79
301.63
300.23
294.27
296.07
291.74
299.70
296.50
292.70
297.92
293.21
296.98
298.12
297.32
303.70
300.73
296.07
302.58
296.11
298.34
301.62
298.17
300.90
298.08
295.07
296.67
296.07
292.52
299.99
298.25
297.03
298.18
297.88
296.71
298.28
297.87
298.79
297.84
297.19
301.11
299.75
300.84
298.67
302.24
301.79
299.55
297.76
294.37
296.89
296.45
299.47
296.66
300.88
295.58
302.57
298.63
300.84
300.04
302.17
296.90
299.72
296.67
294.23
295.52
298.38
299.52
300.79
297.37
298.12
298.64
299.22
298.20
296.34
302.77
300.70
297.18
301.81
295.96
301.41
296.99
300.11
302.12
300.43
300.02
299.05
304.89
299.94
299.37
300.58
300.46
291.98
298.08
298.80
301.48
302.40
297.25
299.85
297.00
296.51
298.26
298.79
301.17
299.61
299.32
296.48
297.78
300.75
296.78
298.69
301.28
298.29
297.96
297.36
300.73
298.52
297.28
296.13
297.84
299.13
301.54
296.55
298.70
298.39
302.38
302.81
302.77
298.89
299.14
302.41
302.60
300.28
299.03
301.08
294.85
297.78
296.63
301.05
298.87
298.09
301.30
299.28
300.54
301.98
299.04
298.53
296.01
298.95
296.17
298.54
300.22
295.78
300.36
300.59
299.84
294.24
298.53
299.08
301.45
297.83
297.08
298.55
300.41
299.21
298.74
294.76
298.40
299.48
299.46
298.98
295.23
299.38
300.57
297.17
296.99
299.00
299.75
297.75
300.40
299.63
300.79
298.21
297.82
295.84
297.93
297.39
302.77
298.86
297.38
298.29
296.55
300.22
297.46
296.00
300.77
299.76
295.03
298.03
295.70
298.63
299.32
297.23
297.06
300.23
299.50
295.84
299.08
297.17
297.33
302.32
296.47
294.98
300.97
297.20
296.47
297.89
298.41
299.59
302.35
301.92
297.61
300.69
296.62
299.45
299.95
296.94
296.22
298.88
300.41
297.39
297.45
297.18
297.09
294.74
296.98
300.52
297.32
296.58
301.24
303.29
298.37
298.45
300.19
299.14
301.37
295.85
298.09
298.79
293.80
296.48
298.31
299.03
297.22
298.21
297.36
300.75
298.65
300.05
300.37
295.85
297.31
